0 0.001091830083169043 0.005077756475657225
1 0.0009765625 0.00504993787035346
2 0.002970100147649646 0.007414571009576321
3 0.003311685984954238 0.007449851371347904
4 0.0008457279182039201 0.0021939422003924847
5 0.0006905339541845024 0.003774939337745309
6 0.0034526714589446783 0.0071183801628649235
7 0.0030881629791110754 0.012318084016442299
8 0.0015440810238942504 0.005613610148429871
9 0.0019531252328306437 0.006564797833561897
10 0.004256740678101778 0.007926637306809425
11 0.0029296886641532183 0.006852028891444206
12 0.0009765625 0.0056801107712090015
13 0.001691456069238484 0.005890338681638241
14 0.001691456069238484 0.004795073997229338
15 0.0009765625 0.0014176575932651758
16 0.0011960400734096766 0.004566967952996492
17 0.004475175403058529 0.006976324133574963
18 0.0020716022700071335 0.005431482568383217
19 0.0006905339541845024 0.004135951399803162
20 0.0020716022700071335 0.0069202943705022335
21 0.0018269814318045974 0.005022235214710236
22 0.0013810680247843266 0.003101194277405739
23 0.0026744273491203785 0.007665398996323347
24 0.002762136748060584 0.007984110154211521
25 0.0011960400734096766 0.004809215664863586
26 0.001691456069238484 0.007732106372714043
27 0.001091830083169043 0.005026417784392834
28 0.0023920803796499968 0.006451898254454136
29 0.0006905339541845024 0.006498765666037798
30 0.0006905339541845024 0.005334419663995504
31 0.0021836606319993734 0.007007902022451162
32 0.0018911054357886314 0.006845488678663969
33 0.0015440810238942504 0.00736836576834321
34 0.002583742141723633 0.007606325671076775
35 0.0020716022700071335 0.0038345176726579666
36 0.001091830083169043 0.002360558370128274
37 0.0020716022700071335 0.005331399384886026
38 0.0016194459749385715 0.003616814501583576
39 0.0008457279182039201 0.0020175566896796227
40 0.0011960400734096766 0.0036837186198681593
41 0.00048828125 0.0027475289534777403
42 0.0011960400734096766 0.006659158505499363
43 0.0009765625 0.0033017678651958704
44 0.005074372980743647 0.007176718674600124
45 0.0006905339541845024 0.004796705208718777
46 0.0021283691748976707 0.006313001736998558
47 0.0011960400734096766 0.0022166650742292404
48 0.0020716022700071335 0.005731354001909494
49 0.0015440810238942504 0.004497820045799017
50 0.0035210479982197285 0.007541818078607321
51 0.0017605233006179333 0.006533169653266668
52 0.0009765625 0.0013443424832075834
53 0.001691456069238484 0.0039726742543280125
54 0.0023920803796499968 0.006654624827206135
55 0.00048828125 0.00473236246034503
56 0.002013235352933407 0.006986966822296381
57 0.0009765625 0.002153197769075632
58 0.001091830083169043 0.0028321968857198954
59 0.0032754915300756693 0.0067895627580583096
60 0.002970100147649646 0.007325893267989159
61 0.00048828125 0.0019797291606664658
62 0.0012918708380311728 0.004293898586183786
63 0.00048828125 0.002551564248278737
64 0.00048828125 0.002217294881120324
65 0.00048828125 0.0029482522513717413
66 0.0018911054357886314 0.0034285960718989372
67 0.0013810680247843266 0.005312781780958176
68 0.0011960400734096766 0.004940116312354803
69 0.00402647303417325 0.009980611503124237
70 0.003686444601044059 0.007352207321673632
71 0.0015440810238942504 0.0028897407464683056
72 0.002762136748060584 0.007996655069291592
73 0.0013810680247843266 0.006049696821719408
74 0.002970100147649646 0.007029772736132145
75 0.00048828125 0.002984281862154603
76 0.00248975632712245 0.004619732964783907
77 0.0009765625 0.003061288967728615
78 0.0009765625 0.0024663680233061314
79 0.0019531252328306437 0.002908254973590374
80 0.0018269814318045974 0.005217821802943945
81 0.0017605233006179333 0.006465392652899027
82 0.0009765625 0.0019973006565123796
83 0.0020716022700071335 0.0018154109129682183
84 0.0011960400734096766 0.004154886119067669
85 0.0009765625 0.0031838344875723124
86 0.004312386270612478 0.012198958545923233
87 0.003782212734222412 0.012429767288267612
88 0.002762136748060584 0.004367108456790447
89 0.0019531252328306437 0.005907066632062197
90 0.005097811575978994 0.007499316707253456
91 0.003009968902915716 0.006466635502874851
92 0.0026744273491203785 0.008449805900454521
93 0.001091830083169043 0.00554667366668582
94 0.0011960400734096766 0.002285051392391324
95 0.0028049631509929895 0.0072689903900027275
96 0.0037505615036934614 0.007330265361815691
97 0.0015440810238942504 0.003904383396729827
98 0.004501734394580126 0.007960231974720955
99 0.0009765625 0.0027917607221752405
