0 34.32722330093384 0.9817754030227661 0.030526330694556236
1 33.74246835708618 0.9801017642021179 0.032184600830078125
2 34.245028495788574 0.9807785153388977 0.030788030475378036
3 33.769168853759766 0.9792423248291016 0.03249838203191757
4 33.848838806152344 0.9784858822822571 0.03137854114174843
5 33.69067668914795 0.9773818850517273 0.028946205973625183
6 33.68624448776245 0.976667582988739 0.028364354744553566
7 33.53601932525635 0.9748080968856812 0.028705282136797905
8 33.32911252975464 0.9732049703598022 0.027402188628911972
9 32.829437255859375 0.9703909754753113 0.0321989506483078
10 32.582714557647705 0.9678634405136108 0.03664301708340645
11 32.17848300933838 0.9649445414543152 0.03962006792426109
12 31.838479042053223 0.9622043967247009 0.04051893204450607
13 31.589906215667725 0.9597854018211365 0.04383104294538498
14 31.33615732192993 0.9573204517364502 0.04415757954120636
15 31.066274642944336 0.9548882842063904 0.045928340405225754
16 30.744376182556152 0.9525954723358154 0.04632244259119034
17 30.642123222351074 0.9509144425392151 0.04357407987117767
18 30.58091163635254 0.9506199955940247 0.04425135627388954
19 30.375123023986816 0.9484369158744812 0.048278771340847015
20 30.46473503112793 0.9490025043487549 0.051083508878946304
21 30.44703483581543 0.9472285509109497 0.05428566411137581
22 30.40480613708496 0.9461646676063538 0.05735742300748825
23 30.283315181732178 0.9441363215446472 0.05538737028837204
24 30.09390354156494 0.9419465065002441 0.059847719967365265
25 30.08650779724121 0.9408431053161621 0.056264761835336685
26 29.872255325317383 0.9377200603485107 0.06228925660252571
27 29.735252857208252 0.9354805946350098 0.0652020052075386
28 29.655938148498535 0.93328857421875 0.06555785983800888
29 29.348368644714355 0.9296391010284424 0.06623921543359756
30 29.222285747528076 0.9276479482650757 0.06843981891870499
31 29.120841026306152 0.9252234697341919 0.0675882026553154
32 28.990559577941895 0.92330002784729 0.07076510041952133
33 28.782410621643066 0.9201219081878662 0.07499107718467712
34 28.630216121673584 0.9174289107322693 0.0722736343741417
35 28.50487470626831 0.9161173105239868 0.07663767039775848
36 28.527543544769287 0.9154589772224426 0.0792122334241867
37 28.403897285461426 0.9141284823417664 0.07930446416139603
38 28.18307638168335 0.9118526577949524 0.08020685613155365
39 28.08070659637451 0.9096733331680298 0.08021194487810135
40 28.18498134613037 0.9104604125022888 0.08379337191581726
41 28.138115406036377 0.9088723659515381 0.08215510100126266
42 28.138983249664307 0.9085612297058105 0.08728887140750885
43 28.1316876411438 0.9082366228103638 0.08480803668498993
44 28.041694164276123 0.9063768982887268 0.08701439201831818
45 28.209848403930664 0.9075712561607361 0.09065857529640198
46 28.12476634979248 0.90675288438797 0.09163890779018402
47 28.233892917633057 0.9070106148719788 0.0929829329252243
48 28.251097202301025 0.9073289036750793 0.09561935812234879
49 28.168470859527588 0.9066855311393738 0.09479669481515884
50 28.180711269378662 0.9059339761734009 0.0947871282696724
51 28.321044445037842 0.9079732894897461 0.09320482611656189
52 28.29712152481079 0.9078534245491028 0.09614290297031403
53 28.301658630371094 0.9079563617706299 0.09400928765535355
54 28.33207607269287 0.9087392091751099 0.09669078141450882
55 28.363611698150635 0.9103071689605713 0.09312754124403
56 28.436765670776367 0.9115732312202454 0.09267911314964294
57 28.408143520355225 0.9132345914840698 0.08935698866844177
58 28.646886348724365 0.9162889719009399 0.0903439000248909
59 28.797218799591064 0.9190636873245239 0.0856778547167778
60 28.856563568115234 0.9217621088027954 0.08504582196474075
61 28.999381065368652 0.9246941804885864 0.07861854135990143
62 29.152851104736328 0.928817093372345 0.08226794004440308
63 29.39542293548584 0.9329171776771545 0.07455772161483765
64 29.514987468719482 0.9366905093193054 0.0734645202755928
65 29.6218204498291 0.9396684765815735 0.06920148432254791
66 29.803714752197266 0.9426042437553406 0.06761259585618973
67 29.940640926361084 0.945223331451416 0.06396211683750153
68 30.04689931869507 0.946998119354248 0.06202523782849312
69 29.9886155128479 0.9474080801010132 0.05564650893211365
70 30.1759672164917 0.9482356905937195 0.05639475956559181
71 30.02636432647705 0.9477257132530212 0.05628432333469391
72 29.763641357421875 0.9466497302055359 0.05547600984573364
73 29.897027015686035 0.9475817680358887 0.057146601378917694
74 29.829137325286865 0.9473741054534912 0.054353658109903336
75 29.714534282684326 0.9469722509384155 0.05731939151883125
76 29.73733425140381 0.9486426115036011 0.05672198161482811
77 29.294075965881348 0.9478111863136292 0.05806173384189606
78 29.200103282928467 0.9478943347930908 0.05388757959008217
79 29.363560676574707 0.9466987252235413 0.05666482821106911
80 29.576163291931152 0.9488041996955872 0.05482415109872818
81 29.724221229553223 0.948610246181488 0.058035023510456085
82 29.88306999206543 0.9505205750465393 0.05866608768701553
83 30.050392150878906 0.9519367218017578 0.06193648651242256
84 30.018024444580078 0.9509308934211731 0.06454254686832428
85 30.34107208251953 0.9530311226844788 0.06615319848060608
86 30.42109966278076 0.9531084299087524 0.06961798667907715
87 30.562310218811035 0.9541757702827454 0.07315558195114136
88 30.603106021881104 0.9551140666007996 0.0628407821059227
89 30.844452381134033 0.9562225341796875 0.06834498047828674
90 31.02503776550293 0.9573858380317688 0.06176881119608879
91 31.192784309387207 0.9582527279853821 0.06673622876405716
92 31.436381340026855 0.9589452147483826 0.0650177076458931
93 31.512718200683594 0.9590866565704346 0.06874080002307892
94 31.532773971557617 0.9581866264343262 0.0675261914730072
95 31.45573139190674 0.9572710394859314 0.07032601535320282
96 31.371784210205078 0.9552238583564758 0.0782112255692482
97 31.041908264160156 0.9527972936630249 0.08154535293579102
98 30.747501850128174 0.951509952545166 0.08622601628303528
99 30.75899600982666 0.9496023654937744 0.09614710509777069
100 30.613980293273926 0.9446407556533813 0.10226533561944962
101 30.76685667037964 0.9466433525085449 0.10121311247348785
102 30.808188915252686 0.946387529373169 0.09827294200658798
103 30.705671310424805 0.9483370184898376 0.09635496884584427
104 30.728745460510254 0.9499019384384155 0.09941904246807098
105 30.817155838012695 0.9505609273910522 0.08867384493350983
106 31.088759899139404 0.9545149803161621 0.08345451205968857
107 31.159069538116455 0.956326961517334 0.07685764878988266
108 31.5295672416687 0.958627462387085 0.07399699091911316
109 31.644887924194336 0.9603567719459534 0.06696697324514389
110 31.536433696746826 0.9602059125900269 0.0633896067738533
111 31.465179920196533 0.9597707390785217 0.05700113624334335
112 31.712031364440918 0.9606443047523499 0.05821159482002258
113 31.652886867523193 0.9607320427894592 0.0594421811401844
114 31.319751739501953 0.9589517116546631 0.06368519365787506
115 31.1814284324646 0.9579975605010986 0.06071290001273155
116 30.97174644470215 0.9569700360298157 0.060520049184560776
117 30.925137996673584 0.9569800496101379 0.057429373264312744
118 30.959603786468506 0.9567230939865112 0.0549403578042984
119 30.886452198028564 0.9555135369300842 0.05410178378224373
120 30.75747013092041 0.9549579620361328 0.048990849405527115
121 30.585308074951172 0.953233003616333 0.04957117512822151
122 30.50316333770752 0.9543215036392212 0.051177848130464554
123 30.986695289611816 0.9576563239097595 0.046732913702726364
124 31.091573238372803 0.9571039080619812 0.04779989272356033
125 31.1405348777771 0.9565395712852478 0.0484020859003067
126 31.06046438217163 0.9549355506896973 0.050129037350416183
127 30.93196153640747 0.9533982276916504 0.04918510094285011
128 30.469651222229004 0.9491029977798462 0.05379738658666611
129 30.309367179870605 0.9469830393791199 0.05393415316939354
130 30.043137073516846 0.9441967606544495 0.0571243092417717
131 29.770889282226562 0.9410907626152039 0.060665689408779144
132 29.420416355133057 0.9374496340751648 0.061954088509082794
133 29.130969047546387 0.9337295293807983 0.06559453159570694
134 28.99404764175415 0.9304239749908447 0.06726420670747757
135 28.924543857574463 0.9291560053825378 0.0695081278681755
136 28.836727142333984 0.9265663027763367 0.0713275745511055
137 28.76523733139038 0.9248560667037964 0.07551304996013641
138 28.663361072540283 0.9226022362709045 0.0775698572397232
139 28.431413173675537 0.919059693813324 0.07733004540205002
140 28.450090885162354 0.9177433252334595 0.08023764193058014
141 28.38932752609253 0.9157633185386658 0.08486483991146088
142 28.313629627227783 0.9133456349372864 0.0815424695611
143 28.33075523376465 0.9127585887908936 0.08629677444696426
144 28.18131685256958 0.9104530215263367 0.08536096662282944
145 28.22213888168335 0.9094321131706238 0.08972202241420746
146 28.29345703125 0.9093839526176453 0.09603865444660187
147 28.26958417892456 0.9088296294212341 0.09047070890665054
148 28.119874000549316 0.9064669609069824 0.09697108715772629
149 28.259222507476807 0.9077603220939636 0.0944814532995224
150 28.183047771453857 0.9069432616233826 0.09013044834136963
151 28.226263523101807 0.9067696928977966 0.09354990720748901
152 28.23423147201538 0.9064341187477112 0.09458723664283752
153 28.342580795288086 0.9079043865203857 0.09155572950839996
154 28.484208583831787 0.9092351794242859 0.09351592510938644
155 28.547489643096924 0.9106054306030273 0.09086651355028152
156 28.485848903656006 0.9108851552009583 0.08655200898647308
157 28.477323055267334 0.9127359986305237 0.0889667198061943
158 28.676986694335938 0.9152636528015137 0.08884081244468689
159 28.804831504821777 0.917201042175293 0.08720751106739044
160 29.008710384368896 0.920637845993042 0.08158434182405472
161 29.03066873550415 0.9217075705528259 0.08180712908506393
162 29.196369647979736 0.9243879914283752 0.07730405777692795
163 29.29555654525757 0.9272938966751099 0.07840085029602051
164 29.37979221343994 0.9292837381362915 0.0757712572813034
165 29.444122314453125 0.9315233826637268 0.07438362389802933
166 29.59123134613037 0.9343098402023315 0.06980165094137192
167 29.781794548034668 0.9372776746749878 0.06526756286621094
168 29.89868402481079 0.9396654963493347 0.06779748201370239
169 29.66768741607666 0.9398212432861328 0.05934491008520126
170 29.88687753677368 0.9418998956680298 0.06430111825466156
171 30.05089044570923 0.94389808177948 0.059107549488544464
172 29.88065242767334 0.9442782402038574 0.056411370635032654
173 29.896235466003418 0.94502854347229 0.056913599371910095
174 30.168445110321045 0.9472768306732178 0.05238911509513855
175 30.023179054260254 0.9470335841178894 0.05277353525161743
176 30.419282913208008 0.9499109387397766 0.0534096285700798
177 30.418972969055176 0.95123690366745 0.047770217061042786
178 30.162672996520996 0.9517207145690918 0.047145236283540726
179 30.315062999725342 0.9541105031967163 0.04331422224640846
180 30.353360176086426 0.9551258683204651 0.04012583941221237
181 30.395100116729736 0.9555689096450806 0.0416841059923172
182 30.664515495300293 0.957615315914154 0.03799940645694733
183 30.913162231445312 0.9584733247756958 0.03950929269194603
184 31.15532636642456 0.9601994156837463 0.03568267077207565
185 31.510584354400635 0.9620446562767029 0.038567766547203064
186 31.766972541809082 0.9644484519958496 0.03988054767251015
187 31.771695613861084 0.9658569693565369 0.03818920627236366
188 32.27503061294556 0.9681734442710876 0.03649676591157913
189 32.336108684539795 0.9686074256896973 0.03543635085225105
190 32.49201536178589 0.9704875349998474 0.03250318393111229
191 33.12971115112305 0.9731260538101196 0.030989933758974075
192 32.98402786254883 0.9741663932800293 0.029955150559544563
193 33.5009241104126 0.9763678312301636 0.031223174184560776
194 33.07920455932617 0.9758763909339905 0.028636064380407333
195 33.595590591430664 0.9785543084144592 0.02666076272726059
196 33.74330997467041 0.9800679087638855 0.024836460128426552
197 33.47497224807739 0.9788118600845337 0.02965257503092289
198 33.67733716964722 0.9803912043571472 0.029071955010294914
199 33.84701728820801 0.9804877638816833 0.031077736988663673
