0 36.29284143447876 0.9884121417999268 0.015068801119923592
1 36.02095127105713 0.9878710508346558 0.015743272379040718
2 35.94798564910889 0.9869765043258667 0.01710735633969307
3 35.72117567062378 0.9863045811653137 0.018704738467931747
4 35.811755657196045 0.9859108328819275 0.01597253419458866
5 35.4699444770813 0.9849269390106201 0.013802794739603996
6 35.541956424713135 0.9844412803649902 0.014596207067370415
7 35.38951873779297 0.9834414124488831 0.015088691376149654
8 35.072481632232666 0.9821473956108093 0.015684153884649277
9 34.830498695373535 0.9805452227592468 0.018640007823705673
10 34.528093338012695 0.9790306091308594 0.020247288048267365
11 34.12111759185791 0.977540910243988 0.018850740045309067
12 33.71867895126343 0.9755557179450989 0.022232044488191605
13 33.448922634124756 0.9735623002052307 0.022790895774960518
14 33.06726932525635 0.9715209603309631 0.023009419441223145
15 32.6214075088501 0.969275176525116 0.024913335219025612
16 32.13433027267456 0.9673838019371033 0.027321789413690567
17 31.97840452194214 0.9657727479934692 0.0241849347949028
18 31.825735569000244 0.9651309251785278 0.024928616359829903
19 31.803367137908936 0.9644736051559448 0.025081755593419075
20 32.19592809677124 0.9659976959228516 0.025465311482548714
21 32.34320640563965 0.96653151512146 0.027442198246717453
22 32.14716672897339 0.9647238254547119 0.028404664248228073
23 32.08345651626587 0.9641394019126892 0.02574319578707218
24 32.14534044265747 0.9639858603477478 0.025761965662240982
25 32.12193489074707 0.9631565809249878 0.024280857294797897
26 31.979966163635254 0.9619897603988647 0.028659101575613022
27 31.718440055847168 0.9604460000991821 0.031155342236161232
28 31.702053546905518 0.9595761895179749 0.03281261771917343
29 31.49235248565674 0.9573756456375122 0.03166009485721588
30 31.42238140106201 0.9569621682167053 0.030945638194680214
31 31.273090839385986 0.9557005167007446 0.03422236070036888
32 31.052639484405518 0.9532154202461243 0.034471530467271805
33 30.875027179718018 0.9521376490592957 0.034672703593969345
34 30.829756259918213 0.95139479637146 0.033503420650959015
35 30.69453716278076 0.9502721428871155 0.037104032933712006
36 30.749094486236572 0.9500954151153564 0.036878105252981186
37 30.66730260848999 0.9497532844543457 0.0377616286277771
38 30.608761310577393 0.9491487145423889 0.03381393104791641
39 30.601742267608643 0.9492051601409912 0.036995019763708115
40 30.531654357910156 0.9483626484870911 0.037425316870212555
41 30.50853729248047 0.9481055736541748 0.03692936152219772
42 30.558230876922607 0.9481418132781982 0.04048248380422592
43 30.589656829833984 0.9485282301902771 0.036000076681375504
44 30.60638427734375 0.9483862519264221 0.03772279992699623
45 30.658979415893555 0.9483423233032227 0.03957207128405571
46 30.61518430709839 0.948108971118927 0.04270279034972191
47 30.642266273498535 0.9485037922859192 0.042525529861450195
48 30.630710124969482 0.9481833577156067 0.04112040251493454
49 30.674924850463867 0.9480617046356201 0.04261794313788414
50 30.49476146697998 0.9467854499816895 0.042837634682655334
51 30.42114496231079 0.9458300471305847 0.04560922086238861
52 30.43398141860962 0.9456454515457153 0.04469048231840134
53 30.37494421005249 0.9448230862617493 0.04520050063729286
54 30.375237464904785 0.9442076683044434 0.048544369637966156
55 30.26564598083496 0.9429391622543335 0.04723883792757988
56 30.249595642089844 0.942528486251831 0.0492372140288353
57 30.216617584228516 0.9437990784645081 0.048447974026203156
58 30.230743885040283 0.9440960884094238 0.049095191061496735
59 30.405631065368652 0.9455828666687012 0.04387236386537552
60 30.580458641052246 0.9481046795845032 0.042493537068367004
61 30.82115650177002 0.9498639702796936 0.04141300171613693
62 31.02959394454956 0.9519944190979004 0.04174017533659935
63 31.372225284576416 0.9547983407974243 0.03773863986134529
64 31.538963317871094 0.9568712115287781 0.034006938338279724
65 31.70166254043579 0.958810031414032 0.033788956701755524
66 31.81929588317871 0.9606099724769592 0.03212142735719681
67 31.931872367858887 0.9617676138877869 0.03168345242738724
68 31.977696418762207 0.9630448222160339 0.030091552063822746
69 31.97664499282837 0.9630163908004761 0.028147762641310692
70 31.962945461273193 0.9629895687103271 0.029062137007713318
71 31.725854873657227 0.961567223072052 0.03152304142713547
72 31.31465435028076 0.9591187834739685 0.03172839432954788
73 31.05665683746338 0.9586424827575684 0.03581243008375168
74 30.975050926208496 0.9591501951217651 0.03396978601813316
75 30.980780124664307 0.9596748948097229 0.036058209836483
76 31.042096614837646 0.9610312581062317 0.036310210824012756
77 30.250539779663086 0.9587392210960388 0.042597800493240356
78 29.735515117645264 0.9570028781890869 0.03986247256398201
79 29.799785614013672 0.9549444317817688 0.04391782358288765
80 29.806461334228516 0.9537709355354309 0.04280892759561539
81 30.037987232208252 0.9545835852622986 0.048625800758600235
82 30.33334493637085 0.9555330276489258 0.04621776193380356
83 30.493369102478027 0.9568918347358704 0.04960624873638153
84 30.649290084838867 0.9572371244430542 0.04954508692026138
85 30.75587034225464 0.9576139450073242 0.050648048520088196
86 31.025962829589844 0.9584937691688538 0.053608160465955734
87 31.349892616271973 0.960483193397522 0.05398164317011833
88 31.592466831207275 0.9621634483337402 0.04886931926012039
89 31.87086820602417 0.9644239544868469 0.05094726383686066
90 32.23440647125244 0.9661380052566528 0.04789900779724121
91 32.49063730239868 0.9674076437950134 0.045142628252506256
92 32.70812273025513 0.968110203742981 0.04631625488400459
93 32.74142503738403 0.9683412909507751 0.04564026743173599
94 32.8731369972229 0.9684293270111084 0.047479622066020966
95 32.848052978515625 0.9672062397003174 0.052826449275016785
96 32.687461376190186 0.965499222278595 0.06100628897547722
97 32.40015745162964 0.963609516620636 0.061251670122146606
98 31.794402599334717 0.9610458612442017 0.06802742183208466
99 31.929163932800293 0.9604766964912415 0.07513861358165741
100 32.260427474975586 0.9604099988937378 0.07563263922929764
101 32.1895956993103 0.9598920941352844 0.07316996157169342
102 31.836388111114502 0.9580904841423035 0.0733850970864296
103 31.73396587371826 0.9589951634407043 0.0737982988357544
104 31.8666672706604 0.9596838355064392 0.07891005277633667
105 32.02122211456299 0.9611365795135498 0.06930146366357803
106 32.28312015533447 0.9637570977210999 0.06456366926431656
107 32.588725090026855 0.965686559677124 0.05576451122760773
108 32.90305852890015 0.9677000641822815 0.05260556563735008
109 32.99855709075928 0.9686383008956909 0.05071936547756195
110 32.8742790222168 0.9686107635498047 0.04851179197430611
111 32.67366647720337 0.9673243761062622 0.045875705778598785
112 32.520432472229004 0.9662643074989319 0.04912670701742172
113 32.34423637390137 0.9648078083992004 0.05387638509273529
114 32.2014594078064 0.9642890691757202 0.05037637799978256
115 32.05286741256714 0.9640412926673889 0.0520077720284462
116 31.803829669952393 0.9629906415939331 0.04901070147752762
117 31.788573265075684 0.9627557396888733 0.04534035921096802
118 31.85286045074463 0.9630622267723083 0.044042542576789856
119 31.610159873962402 0.9606401920318604 0.044514723122119904
120 30.907020568847656 0.9592322111129761 0.04231312498450279
121 30.555896759033203 0.9595533013343811 0.040226325392723083
122 30.88733434677124 0.9615046977996826 0.037702325731515884
123 32.1495795249939 0.9680364727973938 0.02835850417613983
124 32.81172513961792 0.9694394469261169 0.025660529732704163
125 32.780091762542725 0.9689719676971436 0.024391843006014824
126 32.918570041656494 0.9695444107055664 0.023678939789533615
127 32.98354625701904 0.9695289134979248 0.02332366444170475
128 32.717013359069824 0.9677354693412781 0.024256793782114983
129 32.2452712059021 0.9652693867683411 0.02570587769150734
130 31.789190769195557 0.9622018933296204 0.03136786073446274
131 31.36871337890625 0.9592856764793396 0.03193730115890503
132 30.91090440750122 0.9562940001487732 0.034182243049144745
133 30.725505352020264 0.953944981098175 0.03762378543615341
134 30.674381256103516 0.9528815150260925 0.03718391805887222
135 30.681235790252686 0.9529464840888977 0.033654678612947464
136 30.746607780456543 0.9530718922615051 0.03579285368323326
137 30.89909076690674 0.9538313746452332 0.037230484187603
138 30.825607776641846 0.953215479850769 0.037761494517326355
139 30.755298137664795 0.9527027606964111 0.03691179305315018
140 30.700430870056152 0.9516026377677917 0.040411144495010376
141 30.64589262008667 0.9509792923927307 0.03692842274904251
142 30.587522983551025 0.9500309228897095 0.03717288002371788
143 30.57361364364624 0.949989378452301 0.03811164200305939
144 30.594022274017334 0.9499049782752991 0.039096489548683167
145 30.6215238571167 0.9494393467903137 0.042738571763038635
146 30.565757751464844 0.9486079812049866 0.042322516441345215
147 30.630488395690918 0.9484119415283203 0.044690411537885666
148 30.630555152893066 0.9477812647819519 0.04473264515399933
149 30.637218952178955 0.9481118321418762 0.039358075708150864
150 30.487608909606934 0.9465113878250122 0.04068678990006447
151 30.428295135498047 0.9460967779159546 0.04492867365479469
152 30.456771850585938 0.9455574154853821 0.04241316765546799
153 30.482866764068604 0.945132851600647 0.04469368979334831
154 30.53691864013672 0.9451799392700195 0.044823650270700455
155 30.648534297943115 0.9452998638153076 0.044117171317338943
156 30.68849802017212 0.9462290406227112 0.045420534908771515
157 30.713844299316406 0.9470821619033813 0.04315290227532387
158 30.90726613998413 0.9484487175941467 0.040351543575525284
159 31.082093715667725 0.9494513869285583 0.03739168494939804
160 31.254782676696777 0.9511154294013977 0.039760373532772064
161 31.325597763061523 0.9523805379867554 0.03975113853812218
162 31.551098823547363 0.953877866268158 0.035396743565797806
163 31.6571307182312 0.9549778699874878 0.036018334329128265
164 31.83314085006714 0.9566214680671692 0.030725760385394096
165 31.822047233581543 0.9569478631019592 0.03192749619483948
166 31.90091848373413 0.9577121138572693 0.02976129576563835
167 31.98549509048462 0.958817720413208 0.02838430181145668
168 32.13285684585571 0.9600329399108887 0.029527580365538597
169 32.04949140548706 0.9603583812713623 0.027369720861315727
170 31.996095180511475 0.9603136777877808 0.029601477086544037
171 31.839189529418945 0.9600812196731567 0.028968097642064095
172 31.786808967590332 0.9602218866348267 0.027082404121756554
173 31.69198513031006 0.960030734539032 0.03010273538529873
174 31.679162979125977 0.96065354347229 0.029819903895258904
175 31.672720909118652 0.9616489410400391 0.03052241913974285
176 31.830451488494873 0.9625173807144165 0.03328879922628403
177 31.675682067871094 0.962565004825592 0.03151974081993103
178 31.54460906982422 0.9637635946273804 0.02832832559943199
179 31.20502233505249 0.964396595954895 0.027493521571159363
180 31.065473556518555 0.9648002982139587 0.025853153318166733
181 31.272993087768555 0.9658313989639282 0.02534283511340618
182 31.55198574066162 0.9675610661506653 0.023736925795674324
183 32.194695472717285 0.969731330871582 0.02243954874575138
184 32.71815538406372 0.9714940786361694 0.020566271618008614
185 33.26154708862305 0.9732732772827148 0.021426018327474594
186 33.61302375793457 0.9753637313842773 0.022813472896814346
187 33.993802070617676 0.9772526025772095 0.020469609647989273
188 34.30466890335083 0.9790939688682556 0.01750158704817295
189 34.385268688201904 0.9792820811271667 0.01831560581922531
190 34.80517625808716 0.9811277389526367 0.0150558240711689
191 34.97892618179321 0.9823523163795471 0.014842074364423752
192 35.01195669174194 0.9831400513648987 0.014780466444790363
193 35.19801378250122 0.9841310381889343 0.01479385420680046
194 35.2747106552124 0.9850994348526001 0.015292612835764885
195 35.35244703292847 0.9860119819641113 0.01387273520231247
196 35.69314002990723 0.9869409203529358 0.013469023630023003
197 35.8797287940979 0.987585186958313 0.01456634234637022
198 35.948147773742676 0.9880709052085876 0.014054473489522934
199 35.902700424194336 0.9876115918159485 0.016471337527036667
