0 29.510369300842285 0.9641247987747192 0.04911382868885994
1 30.254344940185547 0.9656776785850525 0.049660440534353256
2 28.968844413757324 0.9576846361160278 0.054693181067705154
3 28.809757232666016 0.9517011642456055 0.05394565314054489
4 30.21949529647827 0.9643212556838989 0.04465056210756302
5 31.432082653045654 0.9684035181999207 0.03990147262811661
6 32.84462213516235 0.9705561995506287 0.03367951139807701
7 31.374783515930176 0.9650382995605469 0.039995383471250534
8 28.87627363204956 0.9557331204414368 0.05082966387271881
9 28.920984268188477 0.9530472755432129 0.05210433900356293
10 30.129435062408447 0.9558635354042053 0.04845310375094414
11 29.27635908126831 0.9556289911270142 0.04369752109050751
12 28.617660999298096 0.9520556330680847 0.04845365136861801
13 29.046239852905273 0.950348436832428 0.05340049788355827
14 28.38174343109131 0.9458919763565063 0.05358212813735008
15 27.926199436187744 0.9433467388153076 0.05751093104481697
16 28.443129062652588 0.9443988800048828 0.04892861843109131
17 28.62842321395874 0.9423487186431885 0.040196605026721954
18 28.5210919380188 0.9421839118003845 0.04624385014176369
19 29.186105728149414 0.9478334784507751 0.042013347148895264
20 30.575835704803467 0.9541043043136597 0.038071904331445694
21 31.029887199401855 0.956181526184082 0.03700575977563858
22 30.73138952255249 0.9550351500511169 0.03631814569234848
23 30.528578758239746 0.9524836540222168 0.03791708126664162
24 30.9121036529541 0.9541919827461243 0.035422950983047485
25 30.93256711959839 0.9532329440116882 0.033375829458236694
26 30.818445682525635 0.9515804648399353 0.03598213195800781
27 30.40539026260376 0.9487800598144531 0.04126015678048134
28 30.218722820281982 0.9467967748641968 0.040868889540433884
29 30.262038707733154 0.9458320140838623 0.03967449069023132
30 30.373950004577637 0.9459529519081116 0.04260522499680519
31 30.16223430633545 0.9444400668144226 0.043367043137550354
32 29.727928638458252 0.94162517786026 0.041546374559402466
33 29.3015456199646 0.9381939172744751 0.04867609590291977
34 29.099173545837402 0.9361082315444946 0.04827195405960083
35 29.111206531524658 0.935279130935669 0.05438661202788353
36 29.170947074890137 0.9356169104576111 0.04812602698802948
37 29.036195278167725 0.9336371421813965 0.049533918499946594
38 28.78735065460205 0.931041955947876 0.0500040166079998
39 28.876018524169922 0.9321867823600769 0.050176896154880524
40 28.84770631790161 0.9311474561691284 0.051457393914461136
41 28.737962245941162 0.9289406538009644 0.05183308944106102
42 28.69192600250244 0.9294886589050293 0.05370821803808212
43 28.47290277481079 0.9270302653312683 0.050749264657497406
44 28.795669078826904 0.9303759932518005 0.05180342495441437
45 29.159491062164307 0.9324988126754761 0.053616248071193695
46 28.719534873962402 0.929249107837677 0.062494199723005295
47 28.516850471496582 0.9280228614807129 0.06835990399122238
48 28.525607585906982 0.9275835752487183 0.05954447388648987
49 28.361515998840332 0.9272714853286743 0.06023450940847397
50 28.361093997955322 0.9264730215072632 0.0643850713968277
51 28.22272539138794 0.9251505732536316 0.0643930435180664
52 28.136510848999023 0.9220637083053589 0.06155276298522949
53 28.07624578475952 0.9210089445114136 0.06632769107818604
54 27.661869525909424 0.9161558747291565 0.07033371925354004
55 28.024582862854004 0.9177471995353699 0.0693456381559372
56 28.199403285980225 0.9199725389480591 0.0662398636341095
57 28.27833652496338 0.922478973865509 0.06592495739459991
58 28.1134295463562 0.9212351441383362 0.06820043176412582
59 28.146514892578125 0.9235188961029053 0.06418509781360626
60 28.12843084335327 0.9244847893714905 0.06785598397254944
61 28.26772928237915 0.9268761277198792 0.06508329510688782
62 28.305635452270508 0.92848140001297 0.06620312482118607
63 28.763442039489746 0.9333114624023438 0.0766139104962349
64 28.783328533172607 0.9333916902542114 0.07677354663610458
65 28.763842582702637 0.9338476657867432 0.06478989124298096
66 28.23774814605713 0.9318552017211914 0.06881720572710037
67 27.225098609924316 0.9264749884605408 0.08816923946142197
68 25.576090812683105 0.9178945422172546 0.1117200031876564
69 23.284077644348145 0.9009459018707275 0.12913133203983307
70 22.071406841278076 0.8852812051773071 0.1296863853931427
71 21.732711791992188 0.8868399858474731 0.15406003594398499
72 21.300270557403564 0.8702509999275208 0.17016896605491638
73 18.626762628555298 0.8499415516853333 0.21812371909618378
74 19.891785383224487 0.8658246397972107 0.20351380109786987
75 22.091612815856934 0.8799471259117126 0.12305409461259842
76 23.389525413513184 0.8933690190315247 0.1241537556052208
77 18.23338270187378 0.8442290425300598 0.24158072471618652
78 18.51322889328003 0.827087938785553 0.284480482339859
79 18.604129552841187 0.8302385210990906 0.30557921528816223
80 18.601514101028442 0.8335064649581909 0.31139424443244934
81 18.52558135986328 0.8280255794525146 0.31815287470817566
82 18.91685724258423 0.8239964246749878 0.3183477222919464
83 21.499674320220947 0.8485989570617676 0.21520304679870605
84 21.285648345947266 0.844844400882721 0.19917362928390503
85 20.451385974884033 0.8278653025627136 0.231486514210701
86 19.78785991668701 0.8142067790031433 0.2644476294517517
87 18.793617486953735 0.8038684725761414 0.30385351181030273
88 17.5127375125885 0.8019557595252991 0.34788063168525696
89 18.01228404045105 0.7954916954040527 0.3182438910007477
90 19.422080516815186 0.8151525855064392 0.23393775522708893
91 22.57899045944214 0.8740332722663879 0.1439141035079956
92 24.986913204193115 0.9044691324234009 0.11537749320268631
93 25.72382688522339 0.9122589230537415 0.10952796787023544
94 25.652413368225098 0.9114564657211304 0.10496167838573456
95 25.96292734146118 0.91105055809021 0.10115882754325867
96 25.22991418838501 0.9021747708320618 0.11279520392417908
97 25.000910758972168 0.9070286750793457 0.12652353942394257
98 24.268646240234375 0.9006450772285461 0.1352890431880951
99 25.66096305847168 0.908350944519043 0.1341228485107422
100 24.976513385772705 0.9145783185958862 0.13310658931732178
101 24.82238531112671 0.9076747894287109 0.13185760378837585
102 24.101252555847168 0.9020443558692932 0.1364501565694809
103 24.38692808151245 0.9054520726203918 0.14285025000572205
104 24.890763759613037 0.9036855697631836 0.1368662267923355
105 24.079289436340332 0.8968051075935364 0.1401502937078476
106 23.918375968933105 0.8989893794059753 0.13302960991859436
107 25.026135444641113 0.909157395362854 0.1155184656381607
108 25.984904766082764 0.9125563502311707 0.09093815088272095
109 25.34229278564453 0.9023429155349731 0.08778983354568481
110 25.60903549194336 0.9118877649307251 0.09148961305618286
111 24.885578155517578 0.9054497480392456 0.09511619806289673
112 24.55451726913452 0.8998134136199951 0.09557034075260162
113 25.03127098083496 0.9042391777038574 0.09645511209964752
114 24.608545303344727 0.9035651087760925 0.09727511554956436
115 24.76928949356079 0.9074958562850952 0.09186579287052155
116 25.03082275390625 0.905815839767456 0.09258171170949936
117 25.694637298583984 0.9125693440437317 0.08534729480743408
118 25.911672115325928 0.916714608669281 0.07719287276268005
119 26.165287494659424 0.9225817322731018 0.07059455662965775
120 25.24299144744873 0.9191009998321533 0.07694440335035324
121 25.40674924850464 0.9229387044906616 0.0784340500831604
122 27.742373943328857 0.9391326904296875 0.06215542182326317
123 29.32814121246338 0.9504995942115784 0.04275248944759369
124 30.76596975326538 0.9568244218826294 0.035469118505716324
125 30.672752857208252 0.9559276103973389 0.0344570018351078
126 31.266565322875977 0.9588846564292908 0.03386399522423744
127 31.179800033569336 0.9577673077583313 0.03306041285395622
128 31.416504383087158 0.9579116702079773 0.037194203585386276
129 30.80512046813965 0.9548234343528748 0.03634989634156227
130 30.452735424041748 0.9520058631896973 0.04519011080265045
131 29.89729642868042 0.9487673044204712 0.04493247717618942
132 29.43101406097412 0.9456566572189331 0.04644801467657089
133 29.164702892303467 0.942234218120575 0.05123790353536606
134 29.140625 0.9401368498802185 0.05678725242614746
135 28.99200677871704 0.9380554556846619 0.049777958542108536
136 29.40419912338257 0.9405680894851685 0.04991891607642174
137 29.659717082977295 0.9408454298973083 0.04839003458619118
138 29.57937002182007 0.9401885271072388 0.05173003673553467
139 29.24617052078247 0.9379869699478149 0.049110040068626404
140 29.34769868850708 0.9380567073822021 0.05275573581457138
141 28.98850679397583 0.9350971579551697 0.05019548162817955
142 28.653323650360107 0.9314174652099609 0.05080409720540047
143 28.626461029052734 0.9304057359695435 0.0611412450671196
144 28.598129749298096 0.9297063946723938 0.06829532980918884
145 28.243234157562256 0.9278460144996643 0.05934625864028931
146 28.717827796936035 0.9314131736755371 0.061435118317604065
147 28.45740556716919 0.928098201751709 0.05988616496324539
148 28.75030755996704 0.9290887117385864 0.05944310873746872
149 28.651974201202393 0.9290334582328796 0.05728282779455185
150 28.154385089874268 0.9242465496063232 0.061406124383211136
151 27.689268589019775 0.9185819029808044 0.06581155955791473
152 27.77297019958496 0.918714702129364 0.06149127334356308
153 28.115437030792236 0.9210845828056335 0.06382586807012558
154 28.247313499450684 0.9218485951423645 0.06612440198659897
155 28.269436359405518 0.9216097593307495 0.06393750011920929
156 28.47324848175049 0.922950267791748 0.06236938759684563
157 28.66624355316162 0.9246619343757629 0.06008833646774292
158 28.900797367095947 0.9276127815246582 0.0595625638961792
159 28.955702781677246 0.9274134039878845 0.05825837701559067
160 29.57163095474243 0.9346855282783508 0.053855862468481064
161 29.832541942596436 0.9369180798530579 0.05118816718459129
162 29.992072582244873 0.9386794567108154 0.051477789878845215
163 29.773499965667725 0.9385441541671753 0.05115342140197754
164 29.491209983825684 0.9381146430969238 0.04770471900701523
165 29.56796884536743 0.9395896196365356 0.048864323645830154
166 29.648115634918213 0.9403344988822937 0.046486351639032364
167 30.10446071624756 0.9433807134628296 0.051430583000183105
168 29.77297306060791 0.9424827098846436 0.0601736456155777
169 29.591166973114014 0.9416777491569519 0.045396145433187485
170 29.217429161071777 0.9392838478088379 0.048562243580818176
171 28.614683151245117 0.9366531372070312 0.05035559833049774
172 28.321938514709473 0.9339151382446289 0.05906124413013458
173 27.58007049560547 0.9288613200187683 0.0827942043542862
174 27.61338233947754 0.9285582304000854 0.07476767897605896
175 27.406034469604492 0.9273681044578552 0.08805012702941895
176 27.043626308441162 0.9261615872383118 0.09602095186710358
177 26.07665777206421 0.918164849281311 0.11552873998880386
178 24.913787841796875 0.9114906191825867 0.12601369619369507
179 24.211418628692627 0.9021813273429871 0.14209595322608948
180 23.512189388275146 0.8929673433303833 0.15151000022888184
181 22.715542316436768 0.889879584312439 0.1608525812625885
182 22.361464500427246 0.8936771154403687 0.16352546215057373
183 22.55748987197876 0.8901103734970093 0.1582583487033844
184 23.282840251922607 0.8968390822410583 0.1368994563817978
185 24.44225788116455 0.9135945439338684 0.11324658244848251
186 26.484155654907227 0.9337904453277588 0.0799272432923317
187 29.984846115112305 0.9518247246742249 0.052967675030231476
188 30.557215213775635 0.9574700593948364 0.04683427885174751
189 28.896162509918213 0.9532926082611084 0.05174238979816437
190 28.076322078704834 0.9506332278251648 0.05345318093895912
191 28.76102924346924 0.9556469321250916 0.04752025008201599
192 30.25111198425293 0.960491955280304 0.04117903485894203
193 31.908714771270752 0.9675449728965759 0.03621137514710426
194 29.97413396835327 0.9628538489341736 0.040385328233242035
195 30.335063934326172 0.9666937589645386 0.038261912763118744
196 30.72744846343994 0.9663547873497009 0.04032145440578461
197 29.78163719177246 0.9613052010536194 0.04663359373807907
198 29.49822187423706 0.9625125527381897 0.04809946194291115
199 30.042576789855957 0.9654315114021301 0.05139493569731712
