0 0.020531412214040756 0.07749291509389877
1 0.022054333239793777 0.043695222586393356
2 0.02421855553984642 0.08693885803222656
3 0.01616516150534153 0.09611421823501587
4 0.022440169006586075 0.04252441227436066
5 0.020566223189234734 0.06626386195421219
6 0.06330659240484238 0.13917970657348633
7 0.1857450306415558 0.18456916511058807
8 0.021104086190462112 0.0628747045993805
9 0.02101917937397957 0.09595014899969101
10 0.021328851580619812 0.09754540771245956
11 0.021650617942214012 0.09033485502004623
12 0.24573256075382233 0.16962668299674988
13 0.2050321102142334 0.26472657918930054
14 0.02116050012409687 0.06117955595254898
15 0.02202187478542328 0.048088617622852325
16 0.021815186366438866 0.07175140827894211
17 0.017780646681785583 0.10116975009441376
18 0.40993180871009827 0.20469428598880768
19 0.02231229655444622 0.04513959214091301
20 0.020566223189234734 0.09093263000249863
21 0.02101350761950016 0.08033298701047897
22 0.02216218411922455 0.04362335801124573
23 0.021776897832751274 0.09973679482936859
24 0.02299124374985695 0.0737808421254158
25 0.021595481783151627 0.07032489776611328
26 0.021589960902929306 0.06968139857053757
27 0.019671445712447166 0.07924673706293106
28 0.02429228276014328 0.08506646007299423
29 0.019378364086151123 0.08792469650506973
30 0.020939622074365616 0.08140736073255539
31 0.02101350761950016 0.0665372684597969
32 0.02156786061823368 0.07411066442728043
33 0.019118232652544975 0.08155044168233871
34 0.02137351967394352 0.10154110938310623
35 0.023951252922415733 0.061198730021715164
36 0.022725248709321022 0.04769396781921387
37 0.5417521595954895 0.1842992752790451
38 0.020309561863541603 0.0556773841381073
39 0.021837035194039345 0.04049298167228699
40 0.02173854224383831 0.07056097686290741
41 0.02163960225880146 0.04290744289755821
42 0.2730103135108948 0.1455661654472351
43 0.02150697261095047 0.061997607350349426
44 0.019174272194504738 0.10193825513124466
45 0.02127288095653057 0.06643267720937729
46 0.010951061733067036 0.09058964997529984
47 0.020274311304092407 0.04741324484348297
48 0.23526638746261597 0.08643504232168198
49 0.02012084424495697 0.0771421492099762
50 0.4750044345855713 0.19051574170589447
51 0.0169850941747427 0.09078158438205719
52 0.01940295659005642 0.04563073813915253
53 0.021440349519252777 0.06537893414497375
54 0.02366078831255436 0.05947469547390938
55 0.02105884440243244 0.06399419903755188
56 0.02285080775618553 0.07280552387237549
57 0.022119106724858284 0.04520193114876747
58 0.019737999886274338 0.04412217438220978
59 0.024720394983887672 0.09350597113370895
60 0.016179904341697693 0.0955042913556099
61 0.02122800052165985 0.04222824051976204
62 0.02147923968732357 0.0535501092672348
63 0.021075820550322533 0.04823073372244835
64 0.022054333239793777 0.04488414153456688
65 0.02036232501268387 0.042157143354415894
66 0.02120552398264408 0.05498989298939705
67 0.021098434925079346 0.06428986042737961
68 0.020227214321494102 0.07435917854309082
69 0.01844540424644947 0.09414864331483841
70 0.01852923445403576 0.08444616198539734
71 0.021256063133478165 0.06631480157375336
72 0.02467695064842701 0.08681035786867142
73 0.22939354181289673 0.13435889780521393
74 0.020876901224255562 0.10135944187641144
75 0.022301608696579933 0.04254373908042908
76 0.01902446709573269 0.06936182826757431
77 0.021092785522341728 0.0533624030649662
78 0.0207910668104887 0.03886287286877632
79 0.15030519664287567 0.09150989353656769
80 0.019846420735120773 0.06660318374633789
81 0.021149231120944023 0.09335692971944809
82 0.019695673137903214 0.0438949353992939
83 0.021897006779909134 0.04855305328965187
84 0.021351197734475136 0.07393448799848557
85 0.021545741707086563 0.04740314558148384
86 0.21713076531887054 0.27844637632369995
87 0.019930340349674225 0.08674320578575134
88 0.021578915417194366 0.06601116061210632
89 0.01625341735780239 0.09381700307130814
90 0.01683705486357212 0.10032141953706741
91 0.17914707958698273 0.20714502036571503
92 0.023407496511936188 0.07495570182800293
93 0.021650617942214012 0.0768299326300621
94 0.02198936976492405 0.04142944514751434
95 0.024652782827615738 0.08603855967521667
96 0.016016988083720207 0.09921284765005112
97 0.022355003282427788 0.04688587039709091
98 0.025367818772792816 0.09274457395076752
99 0.022402949631214142 0.048284731805324554
