0 0.00048828125 0.0025527896359562874
1 0.00048828125 0.0033600034657865763
2 0.00048828125 0.0020433703903108835
3 0.00048828125 0.002034364501014352
4 0.00048828125 0.001728174858726561
5 0.00048828125 0.0018369744066148996
6 0.00048828125 0.003815534058958292
7 0.0009765625 0.002077219309285283
8 0.0006905339541845024 0.004332705866545439
9 0.0012918708380311728 0.0021964453626424074
10 0.00048828125 0.0015681092627346516
11 0.0016194459749385715 0.0035020902287214994
12 0.0006905339541845024 0.0025544099044054747
13 0.0018911054357886314 0.003992412239313126
14 0.0009765625 0.0013343032915145159
15 0.001091830083169043 0.0018425995949655771
16 0.0006905339541845024 0.0019110232824459672
17 0.00048828125 0.002428026171401143
18 0.00048828125 0.0020037719514220953
19 0.0008457279182039201 0.0019623711705207825
20 0.0015440810238942504 0.0017334920121356845
21 0.0016194459749385715 0.0022492106072604656
22 0.00048828125 0.0023220593575388193
23 0.0008457279182039201 0.003886961378157139
24 0.0009765625 0.0016444657230749726
25 0.00048828125 0.001578069757670164
26 0.0013810680247843266 0.002536128042265773
27 0.00048828125 0.003277334850281477
28 0.00048828125 0.0020808735862374306
29 0.0009765625 0.0021738766226917505
30 0.00048828125 0.0022499808110296726
31 0.0017605233006179333 0.0033453984651714563
32 0.00048828125 0.0013498232001438737
33 0.00048828125 0.0017818977357819676
34 0.0008457279182039201 0.0019118943018838763
35 0.00048828125 0.0016985327238216996
36 0.0016194459749385715 0.0019026753725484014
37 0.00048828125 0.0027317581698298454
38 0.00048828125 0.00171628687530756
39 0.00048828125 0.00191929389256984
40 0.00048828125 0.0010931381257250905
41 0.0008457279182039201 0.0014502073172479868
42 0.00048828125 0.0020247246138751507
43 0.0006905339541845024 0.0011414773762226105
44 0.00048828125 0.002060387982055545
45 0.00048828125 0.002652015769854188
46 0.001091830083169043 0.002193692373111844
47 0.00048828125 0.001527932588942349
48 0.00048828125 0.0044236695393919945
49 0.0006905339541845024 0.0033249680418521166
50 0.0023920803796499968 0.0024244533851742744
51 0.00048828125 0.001258897129446268
52 0.0012918708380311728 0.0014144207816570997
53 0.0012918708380311728 0.002928313100710511
54 0.00048828125 0.0023705882485955954
55 0.00048828125 0.003355891676619649
56 0.00048828125 0.003391565755009651
57 0.0008457279182039201 0.0019315069075673819
58 0.001691456069238484 0.003080710070207715
59 0.0006905339541845024 0.0009758794913068414
60 0.0009765625 0.001831714529544115
61 0.00048828125 0.0024465571623295546
62 0.00048828125 0.002321518724784255
63 0.0013810680247843266 0.002346192253753543
64 0.0006905339541845024 0.0016269679181277752
65 0.00048828125 0.002151434775441885
66 0.00048828125 0.002238017041236162
67 0.00048828125 0.003073961241170764
68 0.0006905339541845024 0.0019460817566141486
69 0.0006905339541845024 0.0026519715320318937
70 0.0013810680247843266 0.001014946959912777
71 0.00048828125 0.0048004682175815105
72 0.0008457279182039201 0.002268889220431447
73 0.0006905339541845024 0.0017812674632295966
74 0.0006905339541845024 0.003358064452186227
75 0.0006905339541845024 0.0017740990733727813
76 0.00048828125 0.0032034588512033224
77 0.00048828125 0.0033819510135799646
78 0.001091830083169043 0.0013841594336554408
79 0.0013810680247843266 0.001714617246761918
80 0.001091830083169043 0.002968540647998452
81 0.00048828125 0.0013236781815066934
82 0.0006905339541845024 0.0021999217569828033
83 0.00048828125 0.0016015496803447604
84 0.0009765625 0.0011534633813425899
85 0.00048828125 0.0017901071114465594
86 0.0015440810238942504 0.0022813272662460804
87 0.001091830083169043 0.001704075955785811
88 0.00048828125 0.001549584325402975
89 0.00048828125 0.001878625131212175
90 0.0021836606319993734 0.001668252400122583
91 0.00048828125 0.002695048926398158
92 0.0006905339541845024 0.0017393662128597498
93 0.001091830083169043 0.001997933490201831
94 0.00048828125 0.0022306672763079405
95 0.0006905339541845024 0.001642695046029985
96 0.00048828125 0.001974244136363268
97 0.00048828125 0.0016644098795950413
98 0.00048828125 0.00220291456207633
99 0.00048828125 0.002373378025367856
