0 25.52910804748535 0.9061102867126465 0.09334175288677216
1 25.599660873413086 0.905655026435852 0.09564215689897537
2 25.600051879882812 0.9053006768226624 0.08848044276237488
3 25.52271842956543 0.9033063650131226 0.0941491648554802
4 25.40073871612549 0.9008673429489136 0.08980148285627365
5 25.007407665252686 0.897873044013977 0.10051277279853821
6 24.71660852432251 0.8990140557289124 0.10095012933015823
7 24.647860527038574 0.90073162317276 0.09337658435106277
8 25.14901876449585 0.9029744863510132 0.09219928830862045
9 25.191385746002197 0.9019818305969238 0.0899135023355484
10 25.281920433044434 0.9038571119308472 0.0873669683933258
11 25.4005765914917 0.9050825834274292 0.0874863788485527
12 25.50562620162964 0.9057399034500122 0.08535981178283691
13 25.997250080108643 0.9106919765472412 0.08445952832698822
14 26.32460355758667 0.9159777164459229 0.08073709905147552
15 26.373484134674072 0.9187462329864502 0.08150136470794678
16 26.26033067703247 0.9202311038970947 0.07815263420343399
17 25.796329975128174 0.9176865816116333 0.07841114699840546
18 25.063717365264893 0.9130266904830933 0.07632739841938019
19 24.699525833129883 0.9102356433868408 0.07846903800964355
20 24.475460052490234 0.9127560257911682 0.07736162841320038
21 24.252326488494873 0.9113519787788391 0.08003371208906174
22 24.19602632522583 0.9126670956611633 0.07467301934957504
23 24.722888469696045 0.9157009720802307 0.07347410917282104
24 24.976778030395508 0.9167754650115967 0.0701352059841156
25 25.13113498687744 0.9159882068634033 0.0766746997833252
26 25.17455816268921 0.9147710800170898 0.0822252631187439
27 24.743690490722656 0.9113733172416687 0.08387217670679092
28 24.7400164604187 0.910971999168396 0.08485991507768631
29 24.96919870376587 0.9095098376274109 0.09043294936418533
30 25.4202938079834 0.9135072827339172 0.08088384568691254
31 25.370776653289795 0.9119852185249329 0.08540520817041397
32 25.48426866531372 0.9139002561569214 0.08588489145040512
33 25.17716884613037 0.9127494096755981 0.08902709931135178
34 24.939403533935547 0.9121434092521667 0.084025539457798
35 25.081682205200195 0.9132314920425415 0.08363226056098938
36 24.76518154144287 0.9088881611824036 0.08972606062889099
37 25.1969051361084 0.9143613576889038 0.08283958584070206
38 25.64993143081665 0.9163643717765808 0.0810600072145462
39 25.504732131958008 0.9147095084190369 0.08462353050708771
40 25.247292518615723 0.911986231803894 0.08905868977308273
41 25.203957557678223 0.9124569296836853 0.08932840079069138
42 25.063810348510742 0.9101366996765137 0.09589395672082901
43 25.18604040145874 0.910128653049469 0.09343955665826797
44 24.827909469604492 0.9066762328147888 0.09275899827480316
45 24.29128408432007 0.9010915756225586 0.10020814090967178
46 23.658487796783447 0.8933433294296265 0.10487131774425507
47 22.709507942199707 0.8793607950210571 0.1188676506280899
48 22.054836750030518 0.8724744319915771 0.12278067320585251
49 21.745522022247314 0.8671031594276428 0.13342346251010895
50 21.59945249557495 0.8618587255477905 0.13249287009239197
51 21.74931049346924 0.8615716099739075 0.13315360248088837
52 21.97761058807373 0.8639992475509644 0.1389622688293457
53 21.990230083465576 0.8630419373512268 0.1385844498872757
54 22.246999740600586 0.8700091242790222 0.14201965928077698
55 22.49650478363037 0.8747543096542358 0.13248883187770844
56 22.938504219055176 0.8823494911193848 0.1269831359386444
57 23.519763946533203 0.8907709121704102 0.11777061223983765
58 23.686201572418213 0.8949437141418457 0.10541357100009918
59 24.06860113143921 0.9014072418212891 0.1046767458319664
60 23.756279945373535 0.9013721942901611 0.10628268122673035
61 23.302483558654785 0.8981301784515381 0.11131402850151062
62 22.831337451934814 0.8938347697257996 0.11580048501491547
63 22.846131324768066 0.8922098875045776 0.11122776567935944
64 23.59246015548706 0.900597333908081 0.10015583038330078
65 24.162719249725342 0.9092497229576111 0.09660925716161728
66 24.35154438018799 0.9131733775138855 0.08659776300191879
67 23.89932870864868 0.9084007143974304 0.09165915846824646
68 23.64995241165161 0.90540611743927 0.0966496467590332
69 23.449957370758057 0.9024275541305542 0.08981876075267792
70 22.972710132598877 0.8972882628440857 0.09579434245824814
71 22.710788249969482 0.8950830698013306 0.10322771966457367
72 22.67124891281128 0.8951265811920166 0.10660432279109955
73 22.554931640625 0.8930352926254272 0.10410794615745544
74 22.38729238510132 0.8944094777107239 0.10494811087846756
75 22.415378093719482 0.8975431323051453 0.10131922364234924
76 22.670934200286865 0.9014670848846436 0.09055355191230774
77 23.60095739364624 0.9128291606903076 0.0890296995639801
78 23.774986267089844 0.9131501317024231 0.08816176652908325
79 23.596103191375732 0.910517692565918 0.09028815478086472
80 23.086531162261963 0.9051761031150818 0.09149235486984253
81 22.596137523651123 0.8952957987785339 0.1094660833477974
82 22.325551509857178 0.8888952732086182 0.11069615930318832
83 22.302167415618896 0.8852289319038391 0.10778339207172394
84 22.51927375793457 0.887582540512085 0.10984035581350327
85 22.863457202911377 0.8909130692481995 0.1072792261838913
86 23.208069801330566 0.8923489451408386 0.10609708726406097
87 22.92560577392578 0.8887835741043091 0.11136462539434433
88 22.266788482666016 0.8810752630233765 0.11814718693494797
89 22.404463291168213 0.8831522464752197 0.11401009559631348
90 22.401907444000244 0.8825612664222717 0.11998027563095093
91 22.523951530456543 0.8854993581771851 0.12332375347614288
92 22.427799701690674 0.8859681487083435 0.11668826639652252
93 22.554707527160645 0.8912973999977112 0.1165747418999672
94 22.556726932525635 0.8920469880104065 0.11113880574703217
95 22.51023769378662 0.8921906352043152 0.11550753563642502
96 22.70639657974243 0.895675778388977 0.10769937187433243
97 22.68287181854248 0.896173357963562 0.09844724088907242
98 22.37043857574463 0.8925588726997375 0.1152631863951683
99 22.254536151885986 0.8906702399253845 0.10749106109142303
100 22.313711643218994 0.8890655636787415 0.11630436033010483
101 22.509799003601074 0.8915051817893982 0.10902856290340424
102 22.67400026321411 0.8937575817108154 0.10725544393062592
103 23.111705780029297 0.9000052213668823 0.0957733541727066
104 23.959031105041504 0.9077014327049255 0.09988126903772354
105 24.85098361968994 0.9171200394630432 0.0893065482378006
106 24.332032203674316 0.9144172072410583 0.08204031735658646
107 24.00451421737671 0.9120367169380188 0.08620814979076385
108 24.152657985687256 0.909809410572052 0.0906774178147316
109 24.206347465515137 0.9096733331680298 0.0872177854180336
110 24.186437129974365 0.9102163314819336 0.08689409494400024
111 24.22236919403076 0.908759355545044 0.08671742677688599
112 23.97014856338501 0.9056761860847473 0.08861903101205826
113 23.87441873550415 0.9065809845924377 0.08912087231874466
114 24.215548038482666 0.9113755226135254 0.08298864215612411
115 24.55188512802124 0.9175524711608887 0.07763891667127609
116 23.861091136932373 0.9122852087020874 0.08223430812358856
117 22.90091037750244 0.9053714871406555 0.09213411808013916
118 22.616426944732666 0.9047867059707642 0.08828480541706085
119 22.474770545959473 0.9026048183441162 0.0800405889749527
120 22.62758493423462 0.9065690040588379 0.07921972870826721
121 22.612473964691162 0.9081162810325623 0.07799522578716278
122 22.610950469970703 0.9118263125419617 0.0732693299651146
123 22.800843715667725 0.9131619334220886 0.0735856145620346
124 23.798813819885254 0.92128986120224 0.06611060351133347
125 24.673190116882324 0.9285299777984619 0.06375205516815186
126 26.305177211761475 0.9378147721290588 0.06182600557804108
127 25.387985706329346 0.9294893741607666 0.0635974332690239
128 25.17740249633789 0.92682284116745 0.06296978145837784
129 25.05864381790161 0.9248250722885132 0.0716824159026146
130 25.196099281311035 0.9237420558929443 0.07312175631523132
131 24.41459894180298 0.918232798576355 0.07307039946317673
132 24.951143264770508 0.9210439324378967 0.0790230929851532
133 25.275614261627197 0.9210072755813599 0.0773732140660286
134 25.091423988342285 0.9171586036682129 0.08254476636648178
135 24.45077896118164 0.9109004139900208 0.09084609150886536
136 24.204139709472656 0.9069775938987732 0.09546547383069992
137 23.551900386810303 0.9014067053794861 0.09435215592384338
138 23.187754154205322 0.8969910740852356 0.09659309685230255
139 22.88632869720459 0.8928196430206299 0.10254708677530289
140 22.768733501434326 0.8914670944213867 0.11320357769727707
141 22.81517505645752 0.8913516998291016 0.10651347041130066
142 22.97539472579956 0.8941882252693176 0.11106964945793152
143 23.262948989868164 0.896358072757721 0.11109955608844757
144 23.545613288879395 0.8956059813499451 0.11084739863872528
145 23.179428577423096 0.8899720311164856 0.11508765071630478
146 22.221782207489014 0.88149493932724 0.11518972367048264
147 21.800546646118164 0.87354975938797 0.11929324269294739
148 21.696271896362305 0.8708219528198242 0.12559717893600464
149 21.614797115325928 0.8661203384399414 0.13230401277542114
150 21.612975597381592 0.8636799454689026 0.13189980387687683
151 21.787123680114746 0.8625860810279846 0.13599596917629242
152 21.95680856704712 0.8613805174827576 0.14180529117584229
153 22.042791843414307 0.8617202639579773 0.13557949662208557
154 22.077670097351074 0.8652213215827942 0.14189258217811584
155 22.1798038482666 0.86678147315979 0.13516400754451752
156 22.374167442321777 0.869749903678894 0.12664490938186646
157 22.602224349975586 0.8726606369018555 0.1290280520915985
158 22.95264482498169 0.8772000670433044 0.12491881102323532
159 22.969505786895752 0.8776531219482422 0.11928350478410721
160 23.03177833557129 0.880246102809906 0.12346567958593369
161 22.789814472198486 0.8788201808929443 0.12399126589298248
162 22.204904556274414 0.8747394680976868 0.12700505554676056
163 22.059950828552246 0.8723324537277222 0.12503069639205933
164 22.28752851486206 0.8743053674697876 0.12025467306375504
165 22.45614767074585 0.8796566724777222 0.11745324730873108
166 22.297420501708984 0.8777313828468323 0.11502319574356079
167 22.442147731781006 0.8799982666969299 0.11165371537208557
168 22.636866569519043 0.8813378810882568 0.1137036681175232
169 22.796220779418945 0.8838949203491211 0.10325740277767181
170 23.071067333221436 0.8875217437744141 0.10318513214588165
171 23.647241592407227 0.8920862674713135 0.10026892274618149
172 24.14320468902588 0.898402988910675 0.10025650262832642
173 24.337971210479736 0.9011353850364685 0.09306702762842178
174 24.462831020355225 0.9038894772529602 0.09715155512094498
175 24.565515518188477 0.9048383831977844 0.10083511471748352
176 24.390413761138916 0.9038285613059998 0.10250864923000336
177 24.29492950439453 0.9044605493545532 0.1008114367723465
178 23.988308906555176 0.9037200808525085 0.1007104218006134
179 23.982229232788086 0.9046890735626221 0.10104429721832275
180 24.452357292175293 0.9081853032112122 0.1050964966416359
181 24.59261417388916 0.9079169631004333 0.10101492702960968
182 24.788870811462402 0.908928632736206 0.09449100494384766
183 25.00828504562378 0.9102139472961426 0.09404341131448746
184 25.148565769195557 0.9103819727897644 0.08977226167917252
185 25.301098823547363 0.9101250171661377 0.09283681213855743
186 25.874643325805664 0.9151638150215149 0.09084650129079819
187 26.221153736114502 0.9176427125930786 0.08928127586841583
188 26.295392513275146 0.9192085266113281 0.087492935359478
189 26.20659351348877 0.9189925789833069 0.08651816099882126
190 26.11851453781128 0.9190287590026855 0.08496826142072678
191 26.12720251083374 0.9194546937942505 0.08663338422775269
192 26.013469696044922 0.9187989830970764 0.08530387282371521
193 26.160247325897217 0.9187730550765991 0.08470549434423447
194 26.2583065032959 0.9187411665916443 0.08693313598632812
195 26.265320777893066 0.9178181886672974 0.08456025272607803
196 26.267502307891846 0.915562629699707 0.084998220205307
197 26.04104995727539 0.9137243628501892 0.08772725611925125
198 25.809612274169922 0.9096158742904663 0.09413299709558487
199 25.63594102859497 0.9078288078308105 0.09191326051950455
