0 0.00048828125 0.005284641869366169
1 0.0006905339541845024 0.0022637508809566498
2 0.002441406948491931 0.005937167908996344
3 0.0015440810238942504 0.005389116238802671
4 0.0009765625 0.002197305206209421
5 0.0006905339541845024 0.002843245631083846
6 0.003782212734222412 0.007421022281050682
7 0.0022375863045454025 0.010441197082400322
8 0.0011960400734096766 0.005051947198808193
9 0.0016194459749385715 0.004392582457512617
10 0.003844732651486993 0.005604327190667391
11 0.0014648438664153218 0.00400251941755414
12 0.0011960400734096766 0.003599379677325487
13 0.001691456069238484 0.004699816461652517
14 0.0012918708380311728 0.0033216578885912895
15 0.001691456069238484 0.0012297697830945253
16 0.0011960400734096766 0.0030231529381126165
17 0.00248975632712245 0.004701004829257727
18 0.0019531252328306437 0.004288186319172382
19 0.00048828125 0.0026747649535536766
20 0.0018269814318045974 0.005411059595644474
21 0.0009765625 0.0038085104897618294
22 0.0016194459749385715 0.0011683014454320073
23 0.00248975632712245 0.004907903727144003
24 0.0023920803796499968 0.006499712821096182
25 0.0009765625 0.002910915296524763
26 0.001091830083169043 0.008122164756059647
27 0.0011960400734096766 0.0032062625978142023
28 0.0011960400734096766 0.00421545747667551
29 0.0015440810238942504 0.005551048554480076
30 0.0008457279182039201 0.003538934513926506
31 0.0008457279182039201 0.0067180064506828785
32 0.0015440810238942504 0.004821924027055502
33 0.0013810680247843266 0.005603769328445196
34 0.0028049631509929895 0.004682912956923246
35 0.002583742141723633 0.0043761953711509705
36 0.0012918708380311728 0.0013921536738052964
37 0.0009765625 0.003681738628074527
38 0.0011960400734096766 0.0012993115233257413
39 0.0013810680247843266 0.002014054451137781
40 0.0016194459749385715 0.0036499416455626488
41 0.001091830083169043 0.0021831493359059095
42 0.0011960400734096766 0.003883889177814126
43 0.001691456069238484 0.002717365976423025
44 0.00248975632712245 0.0045878528617322445
45 0.00048828125 0.0024665999226272106
46 0.001091830083169043 0.005403479095548391
47 0.0009765625 0.0009529246017336845
48 0.0020716022700071335 0.00491431076079607
49 0.0012918708380311728 0.0031231732573360205
50 0.0021836606319993734 0.004269454628229141
51 0.0012918708380311728 0.004520411603152752
52 0.0009765625 0.0017383013619109988
53 0.0019531252328306437 0.0031839257571846247
54 0.0022375863045454025 0.0048775081522762775
55 0.001091830083169043 0.0029182464350014925
56 0.0017605233006179333 0.008500308729708195
57 0.0008457279182039201 0.001106643001548946
58 0.0006905339541845024 0.0022602747194468975
59 0.0035210479982197285 0.004658437334001064
60 0.0020716022700071335 0.00569376815110445
61 0.00048828125 0.002167413244023919
62 0.0015440810238942504 0.003649358870461583
63 0.0012918708380311728 0.0011235392885282636
64 0.0008457279182039201 0.002084246836602688
65 0.0011960400734096766 0.001757066580466926
66 0.001691456069238484 0.0027262589428573847
67 0.0009765625 0.0038792064879089594
68 0.0011960400734096766 0.0047370800748467445
69 0.003686444601044059 0.0075047737918794155
70 0.002583742141723633 0.005692305509001017
71 0.0018269814318045974 0.002945555606856942
72 0.002013235352933407 0.0048478590324521065
73 0.0008457279182039201 0.004168989136815071
74 0.003382913302630186 0.004578016232699156
75 0.0009765625 0.0015882662264630198
76 0.0018269814318045974 0.004653379321098328
77 0.0009765625 0.0017453947803005576
78 0.00048828125 0.0024807285517454147
79 0.0025371843948960304 0.0017073595663532615
80 0.0015440810238942504 0.003851402783766389
81 0.0014648438664153218 0.004507770296186209
82 0.0013810680247843266 0.0019874945282936096
83 0.0016194459749385715 0.0007457669707946479
84 0.0013810680247843266 0.0028598348144441843
85 0.0018269814318045974 0.001993499230593443
86 0.005304098129272461 0.0130160516127944
87 0.004143206402659416 0.013065879233181477
88 0.002441406948491931 0.004396749660372734
89 0.0013810680247843266 0.004060711245983839
90 0.0027186358347535133 0.0058326153084635735
91 0.0013810680247843266 0.005623329430818558
92 0.002441406948491931 0.010098668746650219
93 0.0015440810238942504 0.0037611585576087236
94 0.0009765625 0.001897657522931695
95 0.0019531252328306437 0.0049187797121703625
96 0.0019531252328306437 0.005488325376063585
97 0.0014648438664153218 0.000593068019952625
98 0.0032388928811997175 0.0060785929672420025
99 0.001091830083169043 0.0016795580741018057
