0 35.351290702819824 0.9853498339653015 0.020685367286205292
1 34.640631675720215 0.9839832782745361 0.02300090529024601
2 35.11333227157593 0.9844485521316528 0.02102702483534813
3 34.74135398864746 0.9831768274307251 0.02401014417409897
4 34.44592475891113 0.9817605018615723 0.02191336639225483
5 34.51685428619385 0.9815998077392578 0.020779475569725037
6 34.79862928390503 0.9815285205841064 0.019579201936721802
7 34.53834772109985 0.9797658920288086 0.020349707454442978
8 34.28485631942749 0.9784775376319885 0.01914038136601448
9 33.946077823638916 0.9767320156097412 0.02233453467488289
10 33.56272220611572 0.974104642868042 0.02484605833888054
11 33.12359571456909 0.9721023440361023 0.024735284969210625
12 32.8520393371582 0.9703609943389893 0.02557644434273243
13 32.652387619018555 0.9684119820594788 0.026407038792967796
14 32.321579456329346 0.9664925336837769 0.026926612481474876
15 31.969139575958252 0.9644421935081482 0.029911380261182785
16 31.604795455932617 0.9624727368354797 0.0309517290443182
17 31.533119678497314 0.9619070291519165 0.028595948591828346
18 31.3356351852417 0.9606165289878845 0.028261980041861534
19 31.244239807128906 0.9600933790206909 0.031635455787181854
20 31.420657634735107 0.9607155323028564 0.030965158715844154
21 31.47284507751465 0.9601524472236633 0.032816074788570404
22 31.248598098754883 0.9588277339935303 0.036374881863594055
23 31.250946521759033 0.9577966928482056 0.03545361012220383
24 31.080963611602783 0.9557376503944397 0.0362817607820034
25 31.149351596832275 0.9553929567337036 0.03448738530278206
26 30.714445114135742 0.9516903162002563 0.038202155381441116
27 30.69275140762329 0.9509252309799194 0.039754465222358704
28 30.668044090270996 0.949568510055542 0.04147763177752495
29 30.58901071548462 0.9481362104415894 0.03985267132520676
30 30.403096675872803 0.9465826749801636 0.0417877696454525
31 30.41095733642578 0.9457004070281982 0.04201767221093178
32 29.99227285385132 0.942388653755188 0.042619287967681885
33 30.00908851623535 0.9418230652809143 0.041696615517139435
34 29.739959239959717 0.9389045834541321 0.04487837478518486
35 29.894652366638184 0.940112292766571 0.04429017752408981
36 29.731967449188232 0.9387256503105164 0.04548449069261551
37 29.737567901611328 0.9391430616378784 0.04539002850651741
38 29.61723804473877 0.9374456405639648 0.044232673943042755
39 29.632465839385986 0.937313437461853 0.04368177056312561
40 29.649133682250977 0.9374638199806213 0.04722242429852486
41 29.553508758544922 0.9365952610969543 0.05075773224234581
42 29.56712245941162 0.9363930821418762 0.049763649702072144
43 29.598355293273926 0.9365054965019226 0.04590887203812599
44 29.629874229431152 0.9359689950942993 0.04549863561987877
45 29.717986583709717 0.9363551139831543 0.051129214465618134
46 29.68472957611084 0.935569167137146 0.05395713075995445
47 29.59787368774414 0.9346660375595093 0.05001344531774521
48 29.62150812149048 0.9341279864311218 0.05106934532523155
49 29.674582481384277 0.934481143951416 0.05856163427233696
50 29.604487419128418 0.9329803586006165 0.05471194162964821
51 29.63855743408203 0.9334847927093506 0.0578971803188324
52 29.55251932144165 0.9320728182792664 0.05912180617451668
53 29.55379009246826 0.9323946237564087 0.05806249380111694
54 29.502835273742676 0.9313923716545105 0.062055546790361404
55 29.35408353805542 0.9308345317840576 0.06195163354277611
56 29.412269592285156 0.9309776425361633 0.06135280057787895
57 29.38527822494507 0.93171226978302 0.058763790875673294
58 29.5831036567688 0.933948278427124 0.06054649502038956
59 29.687235355377197 0.9358790516853333 0.053343094885349274
60 29.83121156692505 0.9379377961158752 0.05592702701687813
61 30.033409595489502 0.9404085278511047 0.04832329973578453
62 30.097577571868896 0.9425239562988281 0.05014709010720253
63 30.455682277679443 0.9458807110786438 0.05094412714242935
64 30.652801990509033 0.9484819173812866 0.043480828404426575
65 30.92188835144043 0.9517704248428345 0.044369883835315704
66 30.876929759979248 0.9527440071105957 0.04790414124727249
67 30.94635248184204 0.9547666311264038 0.04293251410126686
68 31.126563549041748 0.9568799734115601 0.0409819521009922
69 31.081137657165527 0.9570754766464233 0.037748370319604874
70 31.033523082733154 0.9568434953689575 0.038435086607933044
71 30.817313194274902 0.9558339715003967 0.0383007749915123
72 30.7378888130188 0.9553324580192566 0.03930382430553436
73 30.45724391937256 0.9536586403846741 0.04028630256652832
74 30.485985279083252 0.9547443985939026 0.040220752358436584
75 30.174612998962402 0.952698826789856 0.0408594086766243
76 30.50847291946411 0.9558178782463074 0.03928015008568764
77 29.820358753204346 0.9537774920463562 0.04340474307537079
78 29.28948402404785 0.9518315196037292 0.045279256999492645
79 29.686200618743896 0.9514018893241882 0.04445311799645424
80 30.071520805358887 0.9534896016120911 0.043258413672447205
81 30.13028383255005 0.9537889361381531 0.046332910656929016
82 30.219898223876953 0.9547166228294373 0.050012849271297455
83 30.39921760559082 0.9552812576293945 0.052590467035770416
84 30.27648687362671 0.9548089504241943 0.05203668400645256
85 30.72096586227417 0.9565730690956116 0.05469495430588722
86 30.967981815338135 0.9579862356185913 0.05704658478498459
87 30.953445434570312 0.9572902917861938 0.06032213941216469
88 31.017577648162842 0.9587039947509766 0.05365808308124542
89 31.40554666519165 0.9605016112327576 0.05551276355981827
90 31.439073085784912 0.961664617061615 0.05038212984800339
91 31.917974948883057 0.9639139175415039 0.0510220006108284
92 32.09202289581299 0.9642204642295837 0.052592210471630096
93 32.137343883514404 0.9647961258888245 0.05527766793966293
94 32.289931774139404 0.9650922417640686 0.053551025688648224
95 32.192018032073975 0.9638192057609558 0.0600644014775753
96 31.864545345306396 0.9611971378326416 0.06865580379962921
97 31.869707107543945 0.9603682160377502 0.0688728541135788
98 31.339857578277588 0.957626461982727 0.07982694357633591
99 31.194231510162354 0.9558762311935425 0.08336960524320602
100 31.833372116088867 0.9566365480422974 0.0873788595199585
101 31.504969596862793 0.9553815126419067 0.08557267487049103
102 31.563496589660645 0.9554465413093567 0.08820518851280212
103 31.405396461486816 0.9555911421775818 0.08599524945020676
104 31.538655757904053 0.9569467306137085 0.08324549347162247
105 31.69874906539917 0.9589463472366333 0.07447336614131927
106 31.941373348236084 0.9609339833259583 0.07151227444410324
107 32.301177978515625 0.963726818561554 0.06610273569822311
108 32.50365495681763 0.9645645022392273 0.06149478629231453
109 32.4485969543457 0.9654743075370789 0.05699477717280388
110 32.46078014373779 0.9661235809326172 0.051297906786203384
111 32.18547344207764 0.9653933644294739 0.048812851309776306
112 32.28374719619751 0.9649623036384583 0.050147585570812225
113 32.141897678375244 0.9642931818962097 0.04705370217561722
114 31.880576610565186 0.9635668992996216 0.055837567895650864
115 31.6849422454834 0.9624884128570557 0.049894824624061584
116 31.479923725128174 0.9613187313079834 0.05009957775473595
117 31.20788812637329 0.9598992466926575 0.05243322253227234
118 31.471738815307617 0.9608282446861267 0.04520852118730545
119 31.536195278167725 0.9609057307243347 0.044712815433740616
120 31.123008728027344 0.9592995047569275 0.040804021060466766
121 31.12536907196045 0.9591048955917358 0.04060928523540497
122 30.958468914031982 0.9595844149589539 0.039968401193618774
123 31.699025630950928 0.9635612368583679 0.03325967490673065
124 32.047505378723145 0.964453935623169 0.0318690687417984
125 32.10337162017822 0.9641498923301697 0.02932766266167164
126 32.02038764953613 0.9635509252548218 0.029111117124557495
127 31.98615312576294 0.9629089832305908 0.030050665140151978
128 31.70644998550415 0.9605305194854736 0.034529369324445724
129 31.32770538330078 0.9581741094589233 0.034243326634168625
130 30.84481954574585 0.9548031091690063 0.037891846150159836
131 30.654544830322266 0.9524236917495728 0.038852427154779434
132 30.338470935821533 0.949557363986969 0.03986727446317673
133 30.12674570083618 0.947515606880188 0.04206150025129318
134 29.596219062805176 0.9420670866966248 0.043379273265600204
135 29.889142513275146 0.9440394639968872 0.044931232929229736
136 29.856152534484863 0.943562388420105 0.044471219182014465
137 29.91203784942627 0.9432907104492188 0.04434161260724068
138 29.970693588256836 0.9434145092964172 0.04937159642577171
139 29.59719181060791 0.9399940967559814 0.045052532106637955
140 29.791579246520996 0.9406400918960571 0.0490688793361187
141 29.735336303710938 0.9399200081825256 0.0487663559615612
142 29.61895227432251 0.938540518283844 0.04802943393588066
143 29.788990020751953 0.9393743872642517 0.048933982849121094
144 29.417366981506348 0.9353259801864624 0.05573234707117081
145 29.642293453216553 0.9366112351417542 0.05154814571142197
146 29.68064546585083 0.9360140562057495 0.05529731512069702
147 29.658362865447998 0.9353748559951782 0.0524599589407444
148 29.609827995300293 0.9345018267631531 0.05817968770861626
149 29.669010639190674 0.9346634149551392 0.053765762597322464
150 29.60993766784668 0.9336947798728943 0.05539679527282715
151 29.620060920715332 0.9329131245613098 0.0561659149825573
152 29.471232891082764 0.931670069694519 0.054565344005823135
153 29.527130126953125 0.931704044342041 0.05690709501504898
154 29.76627826690674 0.9328600168228149 0.05740228667855263
155 29.699108600616455 0.932335615158081 0.058623239398002625
156 29.798362255096436 0.9339342713356018 0.056256309151649475
157 29.64698553085327 0.9335734844207764 0.05693507567048073
158 29.947211742401123 0.9361124038696289 0.05131131038069725
159 30.053842067718506 0.9378843307495117 0.0497850738465786
160 30.350444316864014 0.9409026503562927 0.04767224192619324
161 30.293354988098145 0.9406415224075317 0.04763159900903702
162 30.498502254486084 0.9429539442062378 0.044835034757852554
163 30.624196529388428 0.9451782703399658 0.04593855142593384
164 30.83564043045044 0.946774423122406 0.04167661815881729
165 30.9171462059021 0.9481252431869507 0.03858710452914238
166 31.13410234451294 0.9505890011787415 0.03895668312907219
167 31.00595235824585 0.950516939163208 0.03851231932640076
168 31.136507987976074 0.9524558186531067 0.04014958441257477
169 31.17734432220459 0.9532039165496826 0.03533681854605675
170 31.084377765655518 0.9534707069396973 0.03702378273010254
171 31.011967658996582 0.954072117805481 0.03665701672434807
172 30.964643955230713 0.9548038244247437 0.03358057886362076
173 30.979244709014893 0.9548435211181641 0.037210192531347275
174 30.338079929351807 0.9527135491371155 0.03826439753174782
175 30.554890632629395 0.9548006057739258 0.03679225593805313
176 31.247220039367676 0.958320677280426 0.03510506451129913
177 31.001667976379395 0.958329439163208 0.031902194023132324
178 31.02412462234497 0.9596593976020813 0.032440390437841415
179 30.92158317565918 0.9597060680389404 0.032597094774246216
180 30.912480354309082 0.9612768292427063 0.028093408793210983
181 30.985491275787354 0.9619744420051575 0.029361262917518616
182 31.305923461914062 0.9642763137817383 0.026620887219905853
183 31.603264808654785 0.9650936722755432 0.025721458718180656
184 32.11113452911377 0.9671506881713867 0.02384795993566513
185 32.36342430114746 0.9683161377906799 0.025197286158800125
186 32.58798599243164 0.9702786803245544 0.02569761499762535
187 32.93653964996338 0.9725627303123474 0.02339482493698597
188 33.33054542541504 0.9746957421302795 0.020770778879523277
189 33.540706634521484 0.9753466844558716 0.023397216573357582
190 33.56942653656006 0.9765232801437378 0.02101042866706848
191 33.86378526687622 0.977868914604187 0.01895231567323208
192 33.81901741027832 0.9790550470352173 0.01887723058462143
193 34.212889671325684 0.9806729555130005 0.01896526850759983
194 34.229373931884766 0.9818200469017029 0.018345624208450317
195 34.36100959777832 0.9827632308006287 0.018149500712752342
196 34.58801507949829 0.9837411642074585 0.016932668164372444
197 34.65508222579956 0.983921468257904 0.019047986716032028
198 34.543654918670654 0.9840216040611267 0.0204763226211071
199 34.991488456726074 0.9845477342605591 0.021978989243507385
