0 27.543959617614746 0.9402074217796326 0.04549063369631767
1 27.728497982025146 0.9425444006919861 0.04117733612656593
2 27.778923511505127 0.9424552321434021 0.046152498573064804
3 27.3836350440979 0.9414345026016235 0.04705530405044556
4 27.135419845581055 0.9401114583015442 0.05178435519337654
5 26.703224182128906 0.9366849660873413 0.051045048981904984
6 26.505868434906006 0.9354979395866394 0.05254492163658142
7 26.30894660949707 0.9345040321350098 0.05068128556013107
8 26.055569648742676 0.9324955940246582 0.05141106992959976
9 25.962727069854736 0.9324373602867126 0.05284091457724571
10 25.690641403198242 0.9307484030723572 0.05300501734018326
11 25.54821252822876 0.9297856688499451 0.06091795861721039
12 25.40245294570923 0.928466260433197 0.06035016477108002
13 25.4062819480896 0.9282812476158142 0.059052951633930206
14 25.514390468597412 0.9288291931152344 0.05950986221432686
15 25.5360746383667 0.9280622005462646 0.0621284544467926
16 25.438477993011475 0.9278125762939453 0.06088622659444809
17 25.295045375823975 0.9269797205924988 0.06798887997865677
18 25.155410766601562 0.9249356985092163 0.06465993076562881
19 25.033936500549316 0.9227836728096008 0.06694427877664566
20 24.9045467376709 0.9217360615730286 0.0704040378332138
21 25.00239133834839 0.922478199005127 0.07435081154108047
22 24.94164228439331 0.921259880065918 0.07214190065860748
23 25.09063482284546 0.9216583967208862 0.07074303925037384
24 25.29224157333374 0.9245057106018066 0.07053205370903015
25 25.15608310699463 0.9239122271537781 0.06577178835868835
26 25.21005392074585 0.925714373588562 0.06453362107276917
27 25.139501094818115 0.9268679022789001 0.07458625733852386
28 25.447607040405273 0.927676260471344 0.07030244171619415
29 25.307469367980957 0.9271941781044006 0.06363794207572937
30 25.076744556427002 0.9250453114509583 0.06719082593917847
31 24.869544506072998 0.9239960312843323 0.06790564954280853
32 24.611856937408447 0.9203629493713379 0.07192297279834747
33 24.69710350036621 0.9223320484161377 0.07897941768169403
34 24.773128032684326 0.9229981899261475 0.07072471082210541
35 24.836816787719727 0.9247097969055176 0.06972406804561615
36 25.156919956207275 0.9268023371696472 0.059871502220630646
37 25.31597137451172 0.9283646941184998 0.06363708525896072
38 25.627222061157227 0.9313765168190002 0.06152164191007614
39 25.75765609741211 0.9328522086143494 0.05603480339050293
40 25.873475074768066 0.9318113923072815 0.0550517812371254
41 25.963034629821777 0.931801438331604 0.05304602161049843
42 26.22797966003418 0.9339441657066345 0.050925400108098984
43 26.057169437408447 0.93288254737854 0.04994914308190346
44 25.995361804962158 0.9328335523605347 0.0541529506444931
45 25.963737964630127 0.9314135909080505 0.05667947977781296
46 26.149580478668213 0.9348620176315308 0.052569687366485596
47 26.24138832092285 0.935931384563446 0.05120158940553665
48 26.3145112991333 0.9370260238647461 0.05181156098842621
49 26.414358615875244 0.9379168152809143 0.0504954494535923
50 26.24455451965332 0.9371541142463684 0.05029192566871643
51 26.072392463684082 0.9352974891662598 0.05158963054418564
52 25.958945751190186 0.9356175065040588 0.04817446693778038
53 26.042938232421875 0.9347651600837708 0.052577387541532516
54 26.198081970214844 0.9351475834846497 0.05069020390510559
55 26.58771514892578 0.9378626346588135 0.04857441782951355
56 26.681222915649414 0.9379255175590515 0.04966123402118683
57 26.407039165496826 0.9345881342887878 0.05414034426212311
58 26.285479068756104 0.9329177141189575 0.05740150809288025
59 26.040892601013184 0.9287976026535034 0.060380060225725174
60 25.933194160461426 0.9287043213844299 0.06419384479522705
61 25.647590160369873 0.924406111240387 0.06569483876228333
62 25.7063627243042 0.9247698783874512 0.07144200056791306
63 25.747194290161133 0.9247884750366211 0.06696324795484543
64 26.009175777435303 0.9260172843933105 0.06561073660850525
65 26.1214280128479 0.9272508025169373 0.06447596102952957
66 26.19943141937256 0.9263116121292114 0.06832372397184372
67 26.18380069732666 0.9257783889770508 0.07031410932540894
68 26.223196983337402 0.9274041652679443 0.06898389011621475
69 26.196630001068115 0.9256048202514648 0.06934825330972672
70 26.046442985534668 0.9254732728004456 0.06873079389333725
71 26.041815280914307 0.9268123507499695 0.06478990614414215
72 26.106243133544922 0.9289621114730835 0.06666885316371918
73 26.05588436126709 0.928357720375061 0.07200972735881805
74 26.003198623657227 0.9276140928268433 0.06617297232151031
75 26.395490169525146 0.9323768615722656 0.05887372046709061
76 26.575679779052734 0.9358139038085938 0.05778011307120323
77 26.688127517700195 0.9382747411727905 0.05183679610490799
78 26.863906383514404 0.9411580562591553 0.05047585442662239
79 27.13029146194458 0.9436402320861816 0.048707570880651474
80 27.461085319519043 0.9471893310546875 0.04601823538541794
81 27.732574939727783 0.9497436285018921 0.040836308151483536
82 27.8409481048584 0.951758623123169 0.04195060580968857
83 28.07568073272705 0.9543426036834717 0.04043581709265709
84 27.94762372970581 0.953585147857666 0.04125092178583145
85 27.977416515350342 0.9534052014350891 0.04083801433444023
86 27.910687923431396 0.9532460570335388 0.038720548152923584
87 27.759389877319336 0.9521858096122742 0.04176441580057144
88 27.534074783325195 0.951739490032196 0.04497414454817772
89 27.500996589660645 0.952160120010376 0.04525675252079964
90 27.41023302078247 0.9507924318313599 0.04277943819761276
91 27.504968643188477 0.9519223570823669 0.04196401312947273
92 27.69958734512329 0.9526961445808411 0.044509753584861755
93 27.41306781768799 0.950412392616272 0.046079568564891815
94 27.338542938232422 0.9507013559341431 0.04316801577806473
95 27.335143089294434 0.9499247074127197 0.043047063052654266
96 27.73019552230835 0.9531487822532654 0.04258641600608826
97 27.77992010116577 0.9535741806030273 0.036595165729522705
98 28.058478832244873 0.9549510478973389 0.0414302796125412
99 28.04762840270996 0.9538125395774841 0.03775860369205475
100 27.942397594451904 0.9529849290847778 0.033613692969083786
101 27.68359899520874 0.951423168182373 0.037912216037511826
102 27.773489952087402 0.9527150988578796 0.03747698292136192
103 27.862563133239746 0.9524505138397217 0.03976902738213539
104 28.017990589141846 0.9526389241218567 0.042752377688884735
105 27.460663318634033 0.9479836225509644 0.050346650183200836
106 27.02051877975464 0.9429118633270264 0.053267188370227814
107 26.74098491668701 0.9387444853782654 0.05612974986433983
108 26.339740753173828 0.9366807341575623 0.06227833032608032
109 26.124510765075684 0.935441792011261 0.06766488403081894
110 26.06473207473755 0.9349627494812012 0.06344345957040787
111 26.069600582122803 0.93575519323349 0.06261561810970306
112 26.16905450820923 0.9368592500686646 0.05919677019119263
113 26.490426063537598 0.9388062357902527 0.05929020419716835
114 26.601178646087646 0.9384945631027222 0.06057455390691757
115 26.420583724975586 0.9365051984786987 0.05912725627422333
116 26.26445770263672 0.9336002469062805 0.060295626521110535
117 26.20710849761963 0.9308798313140869 0.06432734429836273
118 26.26948118209839 0.9312923550605774 0.06840180605649948
119 26.443417072296143 0.9321779608726501 0.06994478404521942
120 26.550734043121338 0.9340837597846985 0.06464951485395432
121 26.627869606018066 0.9353301525115967 0.06460434198379517
122 26.62092924118042 0.9372503757476807 0.06292184442281723
123 26.416311264038086 0.937875509262085 0.06165996566414833
124 26.4119553565979 0.9404036402702332 0.057451941072940826
125 26.337673664093018 0.9415880441665649 0.05194256082177162
126 26.36392116546631 0.9438672661781311 0.051152303814888
127 26.413111686706543 0.9450129866600037 0.051779605448246
128 26.37852191925049 0.9451601505279541 0.050936467945575714
129 26.327414512634277 0.9448291659355164 0.04735823720693588
130 26.54179096221924 0.9452838897705078 0.046206243336200714
131 26.76751136779785 0.9471645355224609 0.045565806329250336
132 26.82452917098999 0.9462699294090271 0.046333905309438705
133 26.84164524078369 0.9469247460365295 0.04801419377326965
134 26.68811559677124 0.9447023272514343 0.05025895684957504
135 26.834533214569092 0.944797694683075 0.04828634113073349
136 26.715211868286133 0.9440216422080994 0.047082580626010895
137 26.594958305358887 0.943494975566864 0.048880334943532944
138 26.532621383666992 0.9429017901420593 0.04810061678290367
139 26.51505470275879 0.9423233270645142 0.04617281258106232
140 26.46951198577881 0.9407495260238647 0.049897003918886185
141 26.284520626068115 0.9390262961387634 0.05105377733707428
142 26.35378360748291 0.9398476481437683 0.048714473843574524
143 26.374216079711914 0.9400407671928406 0.050077762454748154
144 26.35193109512329 0.9380478262901306 0.04657479748129845
145 26.548125743865967 0.9409884810447693 0.04632483050227165
146 26.584138870239258 0.9414632320404053 0.046731751412153244
147 26.469786167144775 0.9392380118370056 0.045371659100055695
148 26.716039180755615 0.9415597915649414 0.05030474811792374
149 26.676523685455322 0.9409209489822388 0.04796046391129494
150 26.329853534698486 0.9386212229728699 0.04851865395903587
151 26.061203479766846 0.9353851079940796 0.048957765102386475
152 25.79092502593994 0.9340394735336304 0.05122772604227066
153 25.734214782714844 0.93266761302948 0.048508141189813614
154 25.830857753753662 0.9309962391853333 0.055103108286857605
155 25.76930284500122 0.9282513856887817 0.05548644810914993
156 25.573313236236572 0.9258309602737427 0.05621792748570442
157 25.57487964630127 0.9262843728065491 0.059841010719537735
158 25.440192222595215 0.9247325658798218 0.06419872492551804
159 25.231242179870605 0.9208409190177917 0.05926486849784851
160 25.31815528869629 0.9210471510887146 0.06302043050527573
161 25.185818672180176 0.9188156127929688 0.07261183857917786
162 25.184345245361328 0.917805552482605 0.0599450059235096
163 25.27940273284912 0.9188957214355469 0.06770233064889908
164 25.470407009124756 0.9204041957855225 0.07007806748151779
165 25.749495029449463 0.9210504293441772 0.07150352001190186
166 26.238205432891846 0.9247385263442993 0.0718572735786438
167 26.82800531387329 0.9281256198883057 0.06507232785224915
168 27.00282573699951 0.9293909072875977 0.06016990542411804
169 26.910035610198975 0.9291823506355286 0.059212908148765564
170 26.56871795654297 0.9264748096466064 0.06165597215294838
171 26.399402618408203 0.9249101877212524 0.05918455868959427
172 26.383731365203857 0.9244135022163391 0.058191049844026566
173 26.27613067626953 0.9238849878311157 0.0620817206799984
174 26.182568073272705 0.9239853620529175 0.05917654186487198
175 26.244211196899414 0.924784779548645 0.06601949036121368
176 26.315934658050537 0.9262819290161133 0.0638715997338295
177 26.134345531463623 0.9247139692306519 0.06410981714725494
178 26.15307092666626 0.9264001846313477 0.06336328387260437
179 26.153786182403564 0.9267205595970154 0.06641671806573868
180 26.0638427734375 0.926596999168396 0.06581572443246841
181 25.820331573486328 0.9234629273414612 0.06161142513155937
182 25.707545280456543 0.9253855347633362 0.06524091958999634
183 25.754883289337158 0.92653489112854 0.058616939932107925
184 25.67275047302246 0.9260854125022888 0.06060747057199478
185 25.66556453704834 0.9250718951225281 0.060487229377031326
186 25.855567455291748 0.9269780516624451 0.06351491808891296
187 25.7275128364563 0.9243621826171875 0.057963401079177856
188 25.664191246032715 0.9246070384979248 0.061112746596336365
189 25.824310779571533 0.9260462522506714 0.056700896471738815
190 25.95428705215454 0.9261499047279358 0.05340023338794708
191 26.1726713180542 0.9278296232223511 0.0602550134062767
192 26.292099952697754 0.9271361827850342 0.05883379280567169
193 26.079232692718506 0.9249091148376465 0.05461946502327919
194 26.338024139404297 0.9283157587051392 0.057669948786497116
195 26.313412189483643 0.92720627784729 0.05081966519355774
196 26.749413013458252 0.930535614490509 0.049379199743270874
197 26.87209129333496 0.933539092540741 0.050832390785217285
198 27.079873085021973 0.9355883002281189 0.050059348344802856
199 27.285888195037842 0.9381119608879089 0.048474203795194626
