0 0.003487027483060956 0.0028621251694858074
1 0.0015440810238942504 0.0037710806354880333
2 0.00048828125 0.003453946439549327
3 0.0009765625 0.005038234405219555
4 0.00048828125 0.0034852067474275827
5 0.0034526714589446783 0.0019128223648294806
6 0.0009765625 0.008090618066489697
7 0.005545815918594599 0.015366768464446068
8 0.0021283691748976707 0.002202277770265937
9 0.0006905339541845024 0.00553597928956151
10 0.0020716022700071335 0.008725235238671303
11 0.00048828125 0.0017002602107822895
12 0.0017605233006179333 0.00558708468452096
13 0.0013810680247843266 0.01457331795245409
14 0.0006905339541845024 0.0029026614502072334
15 0.0008457279182039201 0.0048145088367164135
16 0.0006905339541845024 0.0030129787046462297
17 0.001691456069238484 0.0038631404750049114
18 0.002013235352933407 0.0014430024893954396
19 0.0006905339541845024 0.0018991122487932444
20 0.0018269814318045974 0.004304380156099796
21 0.00048828125 0.006392069160938263
22 0.0022375863045454025 0.00690840370953083
23 0.0015440810238942504 0.004810064099729061
24 0.004200357478111982 0.0014715382130816579
25 0.0011960400734096766 0.0011814094614237547
26 0.00048828125 0.0019723966252058744
27 0.0019531252328306437 0.005221518222242594
28 0.0015440810238942504 0.005092452745884657
29 0.001091830083169043 0.0027178311720490456
30 0.00248975632712245 0.003074195235967636
31 0.0032388928811997175 0.00794905424118042
32 0.0006905339541845024 0.0029811207205057144
33 0.0006905339541845024 0.0030980184674263
34 0.0008457279182039201 0.0019353871466591954
35 0.001091830083169043 0.002108765998855233
36 0.0011960400734096766 0.0018956083804368973
37 0.00048828125 0.0180865079164505
38 0.001691456069238484 0.008946476504206657
39 0.0006905339541845024 0.0016546910628676414
40 0.00048828125 0.004038354381918907
41 0.0014648438664153218 0.010018684901297092
42 0.0021836606319993734 0.0021771208848804235
43 0.0021836606319993734 0.004634175915271044
44 0.0016194459749385715 0.002733574714511633
45 0.0011960400734096766 0.0019975099712610245
46 0.0011960400734096766 0.00846704002469778
47 0.0017605233006179333 0.005607235245406628
48 0.0009765625 0.008555994369089603
49 0.0022375863045454025 0.002114644506946206
50 0.00048828125 0.001958609325811267
51 0.00048828125 0.002422434277832508
52 0.0014648438664153218 0.0037956740707159042
53 0.00048828125 0.0014099003747105598
54 0.0018269814318045974 0.0029235181864351034
55 0.0018269814318045974 0.00869665015488863
56 0.0006905339541845024 0.003779854392632842
57 0.0032754915300756693 0.0031909646932035685
58 0.00048828125 0.002305475762113929
59 0.001091830083169043 0.0015712948516011238
60 0.0017605233006179333 0.0034204788971692324
61 0.0008457279182039201 0.0014650160446763039
62 0.0016194459749385715 0.005210454575717449
63 0.0014648438664153218 0.001945944968611002
64 0.0009765625 0.0021878709085285664
65 0.0013810680247843266 0.005789345595985651
66 0.0015440810238942504 0.0016159062506631017
67 0.0016194459749385715 0.006487928330898285
68 0.0016194459749385715 0.0035169553011655807
69 0.0006905339541845024 0.004511981271207333
70 0.0015440810238942504 0.0010400712490081787
71 0.0008457279182039201 0.001283524907194078
72 0.0013810680247843266 0.004184494260698557
73 0.0012918708380311728 0.003559739561751485
74 0.0006905339541845024 0.003977498039603233
75 0.00048828125 0.0021919014398008585
76 0.00048828125 0.0046279109083116055
77 0.004256740678101778 0.018660353496670723
78 0.0008457279182039201 0.0029959012754261494
79 0.00048828125 0.003060409566387534
80 0.0006905339541845024 0.0020910429302603006
81 0.00048828125 0.005194776691496372
82 0.001691456069238484 0.010235276073217392
83 0.0015440810238942504 0.005842180456966162
84 0.0016194459749385715 0.004906413145363331
85 0.00048828125 0.0019799198489636183
86 0.0006905339541845024 0.001753964927047491
87 0.0006905339541845024 0.002710535656660795
88 0.0011960400734096766 0.0072933766059577465
89 0.001091830083169043 0.004108057357370853
90 0.00048828125 0.0010016228770837188
91 0.0021836606319993734 0.006686585023999214
92 0.0015440810238942504 0.006054891273379326
93 0.0009765625 0.008931152522563934
94 0.0011960400734096766 0.007630846928805113
95 0.0018911054357886314 0.0022249773610383272
96 0.00048828125 0.0014892204198986292
97 0.0018911054357886314 0.0026711157988756895
98 0.0017605233006179333 0.0026361600030213594
99 0.001091830083169043 0.006045123096555471
